subtitle	preceding_tone_table
rowheader	L	M	H	F	R	L!	M!	H!	F!	R!	L^	M^	H^	F^	R^	T	TN
L	5	1	0	6	8	0	0	0	0	0	0	0	0	0	0	3	0
M	3	1	1	3	4	0	0	0	0	0	0	0	0	0	0	3	0
H	0	0	9	20	1	0	0	0	0	0	0	0	0	0	0	5	0
F	5	5	5	53	19	0	0	0	0	0	0	0	0	0	2	11	0
R	1	1	2	17	10	0	0	0	0	1	1	0	0	2	0	5	0
L!	0	0	0	0	0	0	0	0	0	0	0	0	0	0	0	0	0
M!	0	0	0	0	0	0	0	0	0	0	0	0	0	0	0	0	0
H!	0	0	0	0	0	0	0	0	0	0	0	0	0	0	0	0	0
F!	0	0	0	1	2	0	0	0	0	0	0	0	0	0	0	0	0
R!	0	0	0	1	0	0	0	0	0	0	0	0	0	0	0	0	0
L^	3	0	0	0	0	0	0	0	0	0	0	0	0	0	0	0	0
M^	0	0	0	0	0	0	0	0	0	0	0	0	0	0	0	0	0
H^	0	0	0	0	0	0	0	0	0	0	0	0	0	0	0	0	0
F^	0	0	1	2	0	0	0	0	0	0	0	0	0	0	0	0	0
R^	0	0	0	0	0	0	0	0	0	0	0	0	0	0	0	0	0
T	5	2	1	13	7	0	0	0	1	1	1	0	0	0	0	14	0
TN	0	0	0	0	0	0	0	0	0	0	0	0	0	0	0	0	0
<#	11	5	15	21	9	0	0	0	0	0	1	0	0	0	0	13	0
