N_child/baby_01_spkrTS
Time_s   F0_Hz
0.409162   --undefined--
0.422798   --undefined--
0.436435   92.174794
0.450071   91.726718
0.463707   95.712054
0.477344   --undefined--
0.490980   --undefined--
0.504616   --undefined--
0.518253   --undefined--
0.531889   --undefined--
0.545526   90.047609
0.559162   92.162632
0.572798   92.107082
0.586435   89.229819
0.600071   87.622251
0.613707   87.010452
0.627344   86.317197
0.640980   85.042226
0.654616   84.354656
0.668253   83.576699
0.681889   83.402856
0.695526   82.994639
0.709162   82.797501
0.722798   83.313366
0.736435   85.119501
0.750071   84.028249
0.763707   81.648633
0.777344   79.360567
0.790980   95.709068
0.804616   93.446931
0.818253   93.901211
0.831889   96.649610
0.845526   96.619133
0.859162   --undefined--

N_child/baby_02_spkrTS
Time_s   F0_Hz
1.314446   --undefined--
1.328082   --undefined--
1.341718   98.523483
1.355355   102.047404
1.368991   103.102001
1.382627   102.570063
1.396264   102.045306
1.409900   102.048980
1.423536   --undefined--
1.437173   --undefined--
1.450809   --undefined--
1.464446   --undefined--
1.478082   93.458777
1.491718   92.152195
1.505355   90.942722
1.518991   90.888698
1.532627   90.044143
1.546264   88.538960
1.559900   88.294906
1.573536   88.318900
1.587173   88.321061
1.600809   86.222557
1.614446   84.743139
1.628082   88.121286
1.641718   86.603556
1.655355   85.817178
1.668991   85.841229
1.682627   87.722121
1.696264   100.015715
1.709900   100.018845
1.723536   94.331433
1.737173   94.324312
1.750809   96.625434
1.764446   96.632261
1.778082   --undefined--
1.791718   --undefined--
1.805355   --undefined--
1.818991   --undefined--
1.832627   --undefined--