ADJ_difficult_01_spkrTS
Time_s   F0_Hz
0.414774   106.396186
0.428410   103.912975
0.442046   110.868578
0.455683   111.142514
0.469319   111.159695
0.482955   110.224835
0.496592   108.096238
0.510228   107.831708
0.523865   107.233864
0.537501   109.554672
0.551137   110.527535
0.564774   111.141754
0.578410   111.122443
0.592046   111.119324
0.605683   --undefined--
0.619319   --undefined--
0.632955   --undefined--
0.646592   --undefined--
0.660228   --undefined--
0.673865   --undefined--
0.687501   --undefined--
0.701137   --undefined--
0.714774   --undefined--
0.728410   --undefined--
0.742046   114.314302
0.755683   111.800742
0.769319   107.215825
0.782955   100.267203
0.796592   99.008773
0.810228   96.182854
0.823865   92.599354
0.837501   89.291048
0.851137   88.885273
0.864774   88.899255
0.878410   90.504440
0.892046   90.502594
0.905683   --undefined--
ADJ_difficult_02_spkrTS
Time_s   F0_Hz
1.246592   --undefined--
1.260228   114.302021
1.273865   111.080588
1.287501   108.053682
1.301137   104.172803
1.314774   101.789910
1.328410   108.114943
1.342046   113.992908
1.355683   110.511823
1.369319   110.497542
1.382955   --undefined--
1.396592   --undefined--
1.410228   --undefined--
1.423865   --undefined--
1.437501   --undefined--
1.451137   --undefined--
1.464774   --undefined--
1.478410   --undefined--
1.492046   --undefined--
1.505683   --undefined--
1.519319   --undefined--
1.532955   --undefined--
1.546592   --undefined--
1.560228   --undefined--
1.573865   113.583133
1.587501   108.540596
1.601137   104.445060
1.614774   97.792076
1.628410   95.033412
1.642046   92.179811
1.655683   90.908822
1.669319   81.976403
1.682955   77.218628
1.696592   83.684543
1.710228   90.927174
1.723865   90.906812
1.737501   --undefined--
1.751137   --undefined--
1.764774   --undefined--
1.778410   --undefined--
1.792046   --undefined--
