N_mother_01_spkrTS
Time_s   F0_Hz
0.768427   116.293388
0.782063   109.197749
0.795699   107.543335
0.809336   110.491762
0.822972   106.935227
0.836608   104.784605
0.850245   104.251643
0.863881   105.168182
0.877518   104.392435
0.891154   103.276506
0.904790   101.518917
0.918427   98.608323
0.932063   97.284230
0.945699   97.452632
0.959336   97.505340
0.972972   98.512893
0.986608   101.074820
1.000245   103.198742
1.013881   105.210754
1.027518   106.712311
1.041154   106.425841
1.054790   105.815289
1.068427   105.817003
1.082063   105.272359
1.095699   100.509534
1.109336   100.001800
1.122972   --undefined--
N_mother_02_spkrTS
Time_s   F0_Hz
0.070053   --undefined--
0.083689   --undefined--
0.097325   --undefined--
0.110962   119.064292
0.124598   114.265563
0.138234   103.678069
0.151871   101.532359
0.165507   101.506689
0.179143   99.306360
0.192780   98.780889
0.206416   97.581705
0.220053   99.372267
0.233689   101.450702
0.247325   101.574426
0.260962   103.481504
0.274598   104.691883
0.288234   105.584297
0.301871   106.608212
0.315507   106.962032
0.329143   106.262650
0.342780   103.892571
0.356416   100.536499
0.370053   99.728285
0.383689   100.259303
0.397325   104.196623
0.410962   106.403414
0.424598   109.309968
0.438234   110.515762
0.451871   110.505689
0.465507   --undefined--
0.479143   --undefined--
0.492780   --undefined--
0.506416   --undefined--
