Vowel	F1_pt3	F1_mid	F1_pt7	F2_pt3	F2_mid	F2_pt7	F3_pt3	F3_mid	F3_pt7
aːː 	1362	728	1223	3018	1296	2271	3018	2184	3186
aːː 	472	733	911	2585	1253	1400	2585	2263	2489
ɛ̃ːː	468	515	199	2661	1827	1825	2661	2777	2554
ɛ̃ːː 	424	412	160	2659	1765	1766	2659	2499	2492
iːː 	331	305	350	2340	2355	2462	2340	2924	2827
aːː  	639	683	623	2225	1389	1261	2225	2291	2194
aːː	710	621	639	2214	1264	1208	2214	2096	2111
aːː	651	560	745	2223	1158	1254	2223	2153	2305
aːː	702	832	660	2226	1349	1371	2226	2253	2255
iːː	302	393	514	2619	2303	2184	2619	3296	2932
iːː 	348	309	334	2915	1987	1018	2915	2326	2242
iːː	245	323	338	2491	1602	1036	2491	2346	2412
iːː 	282	258	318	2380	1530	1672	2380	2392	2526
u	1652	287	404	3514	1040	1794	3514	2505	2823
u	267	310	378	2899	790	1270	2899	2607	2447
e	753	387	359	2854	1527	887	2854	2353	2382
o	365	507	--undefined--	2733	966	--undefined--	2733	2336	--undefined--
u	1491	300	322	3463	1011	1354	3463	2489	2298
u	293	282	267	2111	935	1962	2111	2446	2327
u	322	316	--undefined--	2719	1533	--undefined--	2719	2348	--undefined--
u	1571	284	689	3499	931	1183	3499	2570	2711
u	275	341	262	2537	921	2227	2537	2577	2822
i	311	291	--undefined--	2642	2044	--undefined--	2642	2622	--undefined--
u	424	267	675	2640	902	699	2640	2437	2358
u	294	280	328	3075	813	788	3075	2562	2560
u	272	287	--undefined--	2611	870	--undefined--	2611	2608	--undefined--
ĩːː 	327	387	427	2472	2357	2375	2472	2790	3082
aːː 	501	705	734	2575	1307	1416	2575	2200	2285
aːː 	470	676	821	2562	1310	1468	2562	2202	2253
aː	431	744	663	2603	1304	1648	2603	1734	2675
u	599	326	339	2023	968	851	2023	2427	2480
u	543	352	--undefined--	2586	842	--undefined--	2586	2559	--undefined--
aː	374	607	439	3737	1274	1614	3737	2210	2326
u	594	365	617	2134	917	2288	2134	2471	3310
u	487	361	--undefined--	2665	746	--undefined--	2665	2661	--undefined--
a ᵃ^̰	712	732	708	1810	1231	1312	1810	1951	2229
ᵃ^̰ aː	824	589	936	2493	1002	1577	2493	1713	2565
a ᵃ^̰ 	771	763	710	1963	1257	1220	1963	1984	1949
ᵃ^̰ aː 	606	733	850	2247	1216	1276	2247	1621	2127
ã̰ːː 	800	694	537	2602	1242	997	2602	2637	1791
ã̰ːː 	839	814	753	2771	1224	1174	2771	2270	2091
\s{^ʔ}ũ	490	415	436	3134	831	2084	3134	2277	3201
(\s{^ʔ})ũ	455	411	434	3093	1264	727	3093	2213	2224
iːː 	578	724	435	3033	2454	2319	3033	2964	2793
 iːː	387	538	433	2455	2351	1775	2455	2934	2839
iːː	396	327	455	2563	1491	1564	2563	2812	2756
iːː	368	262	462	2619	1570	1844	2619	2446	2861
iːː	498	268	265	3120	1507	1695	3120	2514	2633
iːː	444	462	285	2611	2523	1990	2611	2641	2658
iːː	286	423	284	2458	1542	1628	2458	2797	2752
iːː 	517	337	233	2929	1658	1518	2929	2639	2595
iːː 	428	421	258	2677	2140	2038	2677	2656	2600
ĩːː	351	349	549	2159	1135	1755	2159	2038	3143
ĩːː	344	614	320	2330	1512	1199	2330	2925	2441
 ĩːː	502	353	303	3500	1066	1413	3500	2477	2568
ĩːː	353	322	301	2866	1534	1691	2866	2783	2646
u	399	314	290	2293	1017	940	2293	1915	2174
i	279	281	--undefined--	3090	2471	--undefined--	3090	2939	--undefined--
u	405	348	360	1529	1179	975	1529	1969	2312
i	283	571	256	2238	2285	1895	2238	3151	2281
u	318	376	371	2255	1146	1310	2255	2231	2358
i	372	338	--undefined--	1646	2254	--undefined--	1646	2756	--undefined--
aː 	553	744	309	2427	1294	1201	2427	2141	2250
aː	495	701	1091	2471	1310	1429	2471	2195	2292
iːː 	661	395	208	3154	998	1892	3154	2344	2750
iːː 	504	440	287	2742	2622	924	2742	3287	2447
a ᵃ^̰ 	374	729	762	2709	1426	1423	2709	2431	2435
a	764	767	538	2433	1391	1415	2433	2366	2838
a ᵃ^̰ 	397	748	786	2415	1504	1376	2415	2402	2201
a	654	784	--undefined--	2328	1438	--undefined--	2328	2408	--undefined--
i	599	397	370	2946	2165	1908	2946	2722	3311
i 	362	493	--undefined--	3146	1903	--undefined--	3146	3285	--undefined--
i	446	321	355	2957	2193	1692	2957	3395	2707
i	227	379	--undefined--	2879	2186	--undefined--	2879	2841	--undefined--
i	999	210	1014	4936	1535	1874	4936	2434	2959
i	225	316	--undefined--	2884	1773	--undefined--	2884	2644	--undefined--
a	347	681	694	2855	1460	1547	2855	2318	2358
i	627	280	--undefined--	2206	2223	--undefined--	2206	2783	--undefined--
a	586	687	418	3003	1449	1334	3003	2242	2301
i	608	336	524	2351	2092	1621	2351	2747	3081
a	367	639	638	3014	1565	1397	3014	2341	2262
i	515	350	--undefined--	2329	2167	--undefined--	2329	2856	--undefined--
i	422	771	430	2224	1911	949	2224	3085	2557
u	508	539	--undefined--	2766	938	--undefined--	2766	1946	--undefined--
u	1503	383	319	3332	1854	2088	3332	2812	2811
uː	312	307	740	2802	1248	1823	2802	2084	3092
u	1001	341	285	3130	1485	1385	3130	2763	2580
uː	272	304	--undefined--	2563	1098	--undefined--	2563	2255	--undefined--
u	1560	457	345	3247	1401	1005	3247	1992	2340
uː	337	408	320	2282	1300	957	2282	2071	2486
i ⁱ^̰	268	320	377	2610	2239	1833	2610	2801	2499
o	395	448	--undefined--	2423	841	--undefined--	2423	2520	--undefined--
i ⁱ^̰	1367	261	778	3118	2094	2174	3118	2579	2717
o	407	454	--undefined--	2373	847	--undefined--	2373	2372	--undefined--
ĩːː	337	434	380	2350	2311	2109	2350	2596	2463
ĩːː	364	437	241	2349	2195	2235	2349	2528	2794
ũ 	303	365	327	2012	1121	1797	2012	2026	2044
 ɔ̃	337	588	--undefined--	2376	1650	--undefined--	2376	2779	--undefined--
i ^ĩ^̰  	924	327	305	3130	1391	2190	3130	2233	2803
^ĩ^̰ i	726	311	--undefined--	2965	2408	--undefined--	2965	2817	--undefined--
aː 	828	682	577	2777	1430	1397	2777	2538	2332
a	357	727	--undefined--	2380	1376	--undefined--	2380	2651	--undefined--
aː 	830	698	551	2647	1319	1487	2647	2483	2514
a	309	595	--undefined--	1942	1491	--undefined--	1942	2270	--undefined--
ĩːː 	346	350	567	2375	2281	1398	2375	3108	2928
 ĩːː	459	513	426	2514	2378	1312	2514	3289	2445
 ĩːː	337	380	341	2475	1639	1208	2475	2644	2344
 ĩːː	310	284	281	2252	1695	1651	2252	2400	2680
ɛ 	430	450	577	2140	1948	1656	2140	2630	2484
 ĩːː	638	277	1398	2343	1586	2466	2343	2603	3256
 ĩːː	285	305	301	2567	1518	1595	2567	2764	2814
 ĩːː	309	267	249	2699	1692	2061	2699	2777	2470
ũ	888	393	214	3101	2429	2164	3101	2870	2224
i	1666	322	92	2755	2066	858	2755	2347	2339
 u	389	436	--undefined--	2818	895	--undefined--	2818	2369	--undefined--
ũ 	2240	364	299	3251	1088	1981	3251	2502	2491
i	367	298	430	2408	2118	903	2408	2410	2580
o	310	392	--undefined--	2326	882	--undefined--	2326	2385	--undefined--
ãː 	661	1142	625	2541	1461	1143	2541	2650	2144
ãː 	568	407	1243	2051	1142	2072	2051	2033	3112
ɛ ^ɛ^̰  	1307	466	473	3226	1746	1847	3226	2806	2643
^ɛ^̰ ɛ	454	513	--undefined--	2793	1822	--undefined--	2793	2736	--undefined--
ĩːː	442	300	421	2660	1228	1182	2660	2705	2652
 ĩːː 	312	395	369	2599	1474	1425	2599	2757	2499
 ĩːː 	378	350	443	2766	1200	1858	2766	2681	2674
 ĩːː 	414	346	474	2991	1675	1747	2991	2776	2717
 ĩːː 	304	346	325	2611	1516	1439	2611	2621	2544
a ᵃ^̰ 	611	567	650	2797	925	1030	2797	2271	2167
ᵃ^̰ a 	542	614	--undefined--	2186	1277	--undefined--	2186	2167	--undefined--
 ĩːː	411	380	434	2495	2466	1429	2495	3288	2570
 ĩːː 	329	417	352	2645	1265	1484	2645	2853	2895
 ĩːː	345	413	339	2529	1762	1558	2529	2937	2748
i	327	336	632	2619	2377	2145	2619	2856	2737
a	384	568	856	3081	1542	2079	3081	2303	2889
iː	296	347	--undefined--	2602	2206	--undefined--	2602	2849	--undefined--
aːː 	524	708	813	2647	1351	1496	2647	2164	2291
 aːː 	626	711	748	2555	1425	1463	2555	2350	2287
i	988	294	259	3349	1941	2080	3349	2212	2196
i	288	275	--undefined--	2248	2210	--undefined--	2248	3283	--undefined--
ṵ̃ː	511	375	339	3177	2147	1957	3177	2829	2601
oː	398	557	--undefined--	2236	895	--undefined--	2236	2805	--undefined--
i ⁱ^̰ 	330	298	344	2741	2232	2007	2741	2988	2888
ⁱ^̰i	314	300	483	2846	2182	1356	2846	2474	2537
o	304	601	--undefined--	2496	932	--undefined--	2496	3078	--undefined--
i ⁱ^̰ 	356	328	317	2917	2013	1546	2917	2344	2324
ⁱ^̰ iː	325	341	--undefined--	2355	2267	--undefined--	2355	3075	--undefined--
i ⁱ^̰ 	525	278	263	2154	2200	2248	2154	2411	2377
ⁱ^̰ iː	286	303	--undefined--	2697	2250	--undefined--	2697	2883	--undefined--
a	1303	606	317	3082	1404	1374	3082	2487	2671
u	515	373	372	2470	866	1026	2470	2708	2477
u	362	355	508	2702	872	828	2702	2596	2850
o	324	545	--undefined--	2613	837	--undefined--	2613	2961	--undefined--
i	828	284	253	2781	2222	1504	2781	2309	2285
i	277	239	471	2896	2084	912	2896	2425	2512
o	261	725	--undefined--	2564	1499	--undefined--	2564	2853	--undefined--
#	250	1001	--undefined--	2284	2999	--undefined--	2284	4937	--undefined--
ɛː 	462	344	358	2718	1916	1961	2718	2818	2733
ɛ̃ː 	266	280	236	2554	1826	1028	2554	2658	2330
ũ	278	303	--undefined--	2700	1347	--undefined--	2700	2308	--undefined--
aː	295	740	397	2647	1459	1786	2647	2436	2563
o	507	324	--undefined--	2380	872	--undefined--	2380	2680	--undefined--
aː	287	722	522	2444	1388	1760	2444	2437	2550
o	603	349	--undefined--	2513	893	--undefined--	2513	2392	--undefined--
aː	303	772	565	2641	1309	1820	2641	2384	3174
o	571	407	--undefined--	2487	924	--undefined--	2487	2572	--undefined--
ũ 	821	529	501	3017	896	2165	3017	2232	3189
i	399	307	321	2343	1923	1466	2343	2516	2304
i	443	273	317	2784	2179	1746	2784	2821	2709
ũː 	300	360	--undefined--	2461	555	--undefined--	2461	2321	--undefined--
ũ	334	537	405	2850	1113	1940	2850	2199	2974
i	393	317	1763	2313	1722	2384	2313	2348	2700
i	425	274	409	2809	2014	2319	2809	2715	3160
ũː	319	326	--undefined--	2391	1114	--undefined--	2391	2295	--undefined--
ĩːː	425	366	360	2501	1331	1736	2501	2577	3008
ĩːː	961	343	--undefined--	3074	1500	--undefined--	3074	2438	--undefined--
iːː	442	271	204	2637	1535	1634	2637	2657	2605
 ĩːː 	114	314	--undefined--	2754	1615	--undefined--	2754	2624	--undefined--
i	471	266	436	3158	2274	1598	3158	2990	2750
i	277	319	315	3049	2234	1224	3049	3051	2352
i ⁱ^̰ 	537	310	372	3185	1847	1948	3185	2278	2986
ⁱ^̰ iː	373	243	303	3009	2202	1266	3009	2901	2436
ĩːː	288	404	296	2933	1807	2249	2933	2567	2677
iː	563	301	--undefined--	2877	2220	--undefined--	2877	2882	--undefined--
a	303	564	--undefined--	2425	1516	--undefined--	2425	2215	--undefined--
aː 	455	699	624	3058	1285	1956	3058	2140	3171
aː	794	497	--undefined--	2178	1185	--undefined--	2178	2162	--undefined--
aː 	510	717	1037	2694	1314	1300	2694	2202	2138
aː	1014	834	--undefined--	3544	1360	--undefined--	3544	2236	--undefined--
a	1327	651	432	3015	1392	1815	3015	2321	2756
i	552	301	499	2391	2182	1439	2391	2721	2429
aː	300	778	--undefined--	2711	1367	--undefined--	2711	2103	--undefined--
a	1980	548	430	3778	1381	2230	3778	2421	3642
i	509	293	456	2579	2110	1832	2579	2696	2772
aː	295	666	--undefined--	2679	1346	--undefined--	2679	2177	--undefined--
i	388	313	1132	2764	1902	2005	2764	2408	2949
a	330	662	324	2403	1471	2141	2403	2255	2577
i	598	307	711	2409	2147	1384	2409	2578	2160
aː 	1834	709	--undefined--	3446	1331	--undefined--	3446	2144	--undefined--
i	323	312	368	2548	2106	1634	2548	2505	2698
a	312	559	311	2498	1413	2047	2498	2530	2947
i	416	310	732	2617	2067	1402	2617	2559	2208
aː 	1194	764	--undefined--	3496	1315	--undefined--	3496	2109	--undefined--
a	354	718	650	2736	1437	1514	2736	2240	2657
i	510	286	1610	2281	2189	2525	2281	2886	3544
aː 	292	717	--undefined--	2817	1256	--undefined--	2817	2149	--undefined--
a	554	476	692	2490	1547	1479	2490	2684	2523
ia	510	490	879	3103	1545	1387	3103	2421	2904
ĩː	474	370	--undefined--	2436	1597	--undefined--	2436	2353	--undefined--
a	1154	526	890	2704	1558	1893	2704	2581	2249
ia	584	478	379	2820	1799	1894	2820	2482	2401
ĩː 	454	262	--undefined--	2733	1806	--undefined--	2733	2609	--undefined--
u	757	335	427	2543	970	1750	2543	2704	2869
a	1013	516	327	2745	1555	2129	2745	2519	2713
ĩ	598	366	271	2281	2378	1421	2281	3137	2338
ã	561	546	--undefined--	2688	1556	--undefined--	2688	2252	--undefined--
i	328	265	--undefined--	2699	1989	--undefined--	2699	2802	--undefined--
_#	366	426	--undefined--	3141	1806	--undefined--	3141	2852	--undefined--
ũ	519	400	303	2775	1234	529	2775	2917	2711
a	378	588	734	2863	983	1295	2863	2378	2106
a	388	801	408	2839	1310	1362	2839	2073	2512
ũ	749	423	431	2186	1219	1750	2186	2509	2867
ũ	534	394	306	2722	1199	529	2722	2935	2705
a	377	588	740	2876	995	1292	2876	2365	2089
a	383	797	401	2872	1321	1338	2872	2096	2474
ũ	750	421	433	2180	1259	1794	2180	2491	2682
ũː	486	391	564	2904	730	1902	2904	2293	2799
a	648	535	--undefined--	3015	1494	--undefined--	3015	1812	--undefined--
ũ	296	414	329	2267	1129	729	2267	2809	2621
a	316	754	414	2596	1482	1582	2596	2322	2517
a	744	611	399	2320	1596	1685	2320	2656	2367
a	613	632	824	2578	1562	1248	2578	2037	2734
o	444	388	877	2445	1000	1027	2445	2880	2554
a	569	538	542	2485	1471	1296	2485	2391	2463
a	597	526	1000	2620	1475	2999	2620	2446	4937
u	303	386	--undefined--	2496	940	--undefined--	2496	2504	--undefined--
a	449	700	--undefined--	2700	1421	--undefined--	2700	2444	--undefined--
a	453	612	--undefined--	2811	1412	--undefined--	2811	2599	--undefined--
_#	1243	1000	--undefined--	2678	2999	--undefined--	2678	4937	--undefined--
a	285	544	1837	2630	1469	2572	2630	2592	3610
i	471	312	485	2602	2347	1835	2602	2564	2597
i	294	277	690	2658	2119	1356	2658	2845	2139
aː 	347	631	1196	2599	1327	2256	2599	2082	3049
i	498	279	--undefined--	2376	2148	--undefined--	2376	2659	--undefined--
ãĩ	673	331	--undefined--	2051	2110	--undefined--	2051	2308	--undefined--
ĩːː 	448	364	280	2624	2339	1492	2624	2717	2638
ĩːː 	998	297	540	4935	1888	1610	4935	2889	2433
a	290	521	488	2577	1633	1691	2577	2492	2735
i	291	378	--undefined--	2595	2077	--undefined--	2595	2559	--undefined--
iːː 	755	488	--undefined--	2909	1690	--undefined--	2909	2733	--undefined--
ĩːː	446	425	279	3528	1568	1632	3528	2790	2939
ĩːː	255	298	533	2879	1444	1609	2879	2447	2612
a	341	529	345	2120	1589	1655	2120	2515	2558
i	308	343	999	2522	1898	2992	2522	2483	4945
iːː	849	343	--undefined--	2628	1642	--undefined--	2628	2597	--undefined--
ĩːː	462	362	412	2980	2376	1593	2980	2669	2663
ĩːː	697	286	539	3194	1501	1648	3194	2565	2599
a	296	520	493	2880	1638	1667	2880	2475	2672
i	285	326	--undefined--	2562	1528	--undefined--	2562	2652	--undefined--
iːː 	1020	496	--undefined--	3143	1645	--undefined--	3143	2702	--undefined--
o	320	462	504	2978	1293	1333	2978	2333	2429
o	437	630	1002	2337	1133	2998	2337	2176	4936
oː 	1006	476	1000	4932	1611	2999	4932	2474	4937
o	479	520	--undefined--	2639	1084	--undefined--	2639	2162	--undefined--
o	585	811	--undefined--	2948	1982	--undefined--	2948	3240	--undefined--
a ᵃ ^̰	355	446	653	2992	1440	1413	2992	2149	2080
ᵃ^̰ a	389	642	1272	2184	1512	2133	2184	2048	2967
ɛː	541	454	655	1922	1845	1382	1922	2498	2218
aː 	2017	675	605	3328	1382	1553	3328	2222	2735
a	440	812	352	2376	1408	1741	2376	1984	2565
a	657	576	509	2219	1489	2295	2219	2450	2507
a	384	631	--undefined--	2273	1512	--undefined--	2273	2213	--undefined--
ũːː 	623	439	--undefined--	2724	1230	--undefined--	2724	2162	--undefined--
ãː 	335	535	329	2592	1468	1652	2592	2152	2482
ɛː 	501	446	707	2055	1820	1389	2055	2494	2072
aː 	1125	703	410	3003	1377	1525	3003	2051	2523
a	438	650	524	2364	1490	1427	2364	2119	2700
a	759	511	495	2055	1379	2065	2055	2567	2874
ia	411	485	527	2316	1681	1730	2316	2415	2975
ũː	414	401	--undefined--	2070	1841	--undefined--	2070	1973	--undefined--
o	556	485	--undefined--	2838	908	--undefined--	2838	2405	--undefined--
aː 	1771	674	581	3665	1242	1353	3665	2104	2148
a ᵃ^̰ 	469	575	225	2139	1048	1389	2139	2120	2228
ᵃ^̰ a	792	650	597	3258	1175	1293	3258	2123	2066
i	788	287	575	3191	1760	1616	3191	2211	2566
ãː	614	501	219	3193	1241	1358	3193	2063	2109
i	872	340	--undefined--	2369	2084	--undefined--	2369	2401	--undefined--
a	434	359	--undefined--	2819	1394	--undefined--	2819	2192	--undefined--
iːː	1817	295	328	3193	2261	1526	3193	2803	2573
i	290	330	277	2984	2334	2239	2984	2880	2668
a	296	554	299	2832	1609	2322	2832	2571	2863
iːː	283	297	271	2322	2195	2057	2322	2879	2665
i	563	294	--undefined--	2548	2210	--undefined--	2548	2875	--undefined--
i	712	273	--undefined--	2660	2076	--undefined--	2660	2612	--undefined--
o	424	488	507	2573	1151	688	2573	2445	2709
o	493	461	654	2297	713	1123	2297	2755	2439
o	398	488	468	3076	1222	893	3076	2423	2684
o	485	457	--undefined--	2425	846	--undefined--	2425	2776	--undefined--
a	716	587	283	3058	1625	2082	3058	2632	2689
i	605	247	--undefined--	2384	2277	--undefined--	2384	3251	--undefined--
a	851	483	1731	3227	1225	2562	3227	2251	3207
i	634	226	--undefined--	2475	2235	--undefined--	2475	2792	--undefined--
a	854	568	1916	3076	1579	2577	3076	2543	3162
i	566	340	--undefined--	2563	2260	--undefined--	2563	3104	--undefined--
a	603	559	1465	3172	1551	2359	3172	2660	3301
i	503	295	--undefined--	1998	2161	--undefined--	1998	2916	--undefined--
a	273	668	292	2614	1490	1416	2614	2593	2638
a ᵃ^̰	672	545	803	2617	1434	1438	2617	2106	2826
ᵃ^̰ ɐ 	307	788	--undefined--	2627	1342	--undefined--	2627	2906	--undefined--
a	294	619	373	2550	1524	1439	2550	2565	2607
a ᵃ^̰	623	549	703	2436	1306	1417	2436	2132	1982
ᵃ^̰ ɐ	485	662	--undefined--	2424	1307	--undefined--	2424	2107	--undefined--
i ⁱ^̰	324	297	468	2475	2343	1281	2475	2522	2385
ⁱ^̰ i	456	265	--undefined--	2397	2347	--undefined--	2397	2711	--undefined--
i ⁱ^̰	335	321	453	2611	2191	1416	2611	2467	2479
ⁱ^̰ i	438	297	--undefined--	2454	1213	--undefined--	2454	2506	--undefined--
u	922	354	1845	3057	1308	2455	3057	2487	3078
i	1844	283	430	3075	2191	2099	3075	2897	2697
i	284	431	--undefined--	3022	2559	--undefined--	3022	2709	--undefined--
u	599	348	1657	3286	1116	2365	3286	2479	3324
i	1795	286	382	3169	2124	1170	3169	2887	2497
i	289	448	--undefined--	2955	2599	--undefined--	2955	2938	--undefined--
u	320	339	1673	2469	1306	2125	2469	2176	3107
ã	1685	537	309	2676	1595	2616	2676	2242	2992
ĩ	452	373	--undefined--	2350	1724	--undefined--	2350	2802	--undefined--
a	530	646	493	2975	982	962	2975	2277	2370
a	615	608	--undefined--	2358	1055	--undefined--	2358	2006	--undefined--
a ᵃ^̰ 	554	670	690	3291	1054	1138	3291	2364	2298
 a	641	705	1157	2325	1187	2224	2325	2246	3395
a	286	583	539	2900	1011	918	2900	2209	2370
o 	596	450	--undefined--	2227	658	--undefined--	2227	2423	--undefined--
õ ᵒ^̰	735	445	470	2298	1456	729	2298	2640	2585
ᵒ^̰ õ	475	459	--undefined--	2920	1459	--undefined--	2920	2850	--undefined--
õᵒ^̰	356	377	456	2429	661	1493	2429	2644	2925
ᵒ^̰õ 	468	457	372	2931	1448	1782	2931	1722	2684
ã ᵃ^̰ 	512	713	755	2388	1049	1205	2388	2042	2038
ᵃ^̰ ã	682	404	422	1920	992	1521	1920	2385	1982
ɛ 	636	422	329	1883	1367	1322	1883	1872	2442
 ĩ	391	303	--undefined--	2650	1660	--undefined--	2650	2199	--undefined--
ã ᵃ^̰ 	531	725	629	2448	1159	1308	2448	1797	1885
ᵃ^̰ ã	801	447	431	2344	951	1143	2344	2199	1698
ẽ	628	480	276	1866	1264	1311	1866	2041	2560
 ĩ 	443	271	--undefined--	2696	1322	--undefined--	2696	2544	--undefined--
ã ᵃ^̰ 	657	722	758	2567	995	1171	2567	2149	2039
ᵃ^̰ ã	749	808	489	2104	1198	803	2104	2016	2632
ɛː 	849	358	--undefined--	2138	1694	--undefined--	2138	2198	--undefined--
ã 	648	723	761	2729	1098	1232	2729	2311	2430
ã	724	553	426	2208	1119	1105	2208	2478	2407
e	508	293	--undefined--	2579	1836	--undefined--	2579	2360	--undefined--
ã ᵃ^̰	547	790	724	3102	904	1077	3102	2285	2351
ᵃ^̰ ã 	814	754	229	2060	1412	1399	2060	2221	2474
 i	757	257	--undefined--	2750	1196	--undefined--	2750	2471	--undefined--
ã	559	821	750	3125	921	1172	3125	2422	2038
ã	846	738	225	2367	1399	1427	2367	2179	2433
i	697	210	--undefined--	2755	1890	--undefined--	2755	2926	--undefined--
ã ᵃ^̰	427	728	701	2355	1019	1222	2355	2145	2298
ᵃ^̰ ã 	860	946	--undefined--	2115	1242	--undefined--	2115	2264	--undefined--
ũ	415	318	342	2561	1420	1410	2561	2658	2595
ũ	418	320	466	2510	794	1504	2510	2563	2730
 iː 	590	269	--undefined--	2594	1452	--undefined--	2594	2740	--undefined--
ũ	270	474	396	2889	1403	1324	2889	2947	2577
ũ	425	484	405	2752	1098	1534	2752	2899	3113
õ	322	443	336	2580	1487	1353	2580	3124	2493
ɛ 	452	501	871	2935	1274	1489	2935	2446	2820
a	449	890	--undefined--	2288	1521	--undefined--	2288	2669	--undefined--
i	1117	362	297	2924	2272	1697	2924	2835	2629
a	223	684	438	2432	1403	1338	2432	2351	2273
e	538	437	354	2578	1498	2195	2578	2342	2894
i	630	414	--undefined--	2466	2186	--undefined--	2466	2768	--undefined--
ũ 	401	399	355	3164	1392	1448	3164	2918	2976
ũ 	355	474	329	2970	793	1495	2970	2929	2656
ĩː	582	281	676	3018	1157	1879	3018	2574	2919
ũ	376	314	397	3058	1403	1355	3058	2871	2608
ũ	396	518	449	2794	976	1331	2794	2710	2885
ũ	341	339	1036	2625	756	1432	2625	2747	2782
a	526	791	--undefined--	2875	1347	--undefined--	2875	2492	--undefined--
a	674	717	279	2402	1406	1279	2402	2005	2257
i 	262	305	--undefined--	1948	2102	--undefined--	1948	2802	--undefined--
ũ 	304	262	270	2459	545	536	2459	2512	2533
a	277	541	353	2508	1292	1819	2508	2363	2526
i 	410	342	--undefined--	2228	2256	--undefined--	2228	2971	--undefined--
a ᵃ^̰ 	686	645	480	2388	1418	1456	2388	2371	2239
i	321	307	--undefined--	2627	1216	--undefined--	2627	2733	--undefined--
aᵃ^̰ 	666	792	593	2361	1583	1422	2361	2658	2598
i	372	259	--undefined--	2638	1455	--undefined--	2638	2680	--undefined--
a ᵃ^̰ 	1387	650	540	3617	1205	1178	3617	2032	2269
i	443	311	--undefined--	2304	2324	--undefined--	2304	2949	--undefined--
a ᵃ^̰	543	577	414	2192	1197	1249	2192	2076	2325
i	415	288	--undefined--	2333	2183	--undefined--	2333	2907	--undefined--
ɛ	912	457	585	3278	1878	1428	3278	2483	2470
a	386	510	--undefined--	2432	1354	--undefined--	2432	2200	--undefined--
ɛ	825	430	289	2551	1864	1656	2551	2458	2593
a	376	472	--undefined--	2418	1219	--undefined--	2418	2160	--undefined--
ɛ	1035	437	595	3172	1928	1427	3172	2465	2369
a	820	658	741	2620	1538	1960	2620	2310	2808
ɛ	257	290	--undefined--	2910	1880	--undefined--	2910	2491	--undefined--
ɛ 	626	443	1021	2696	1769	2156	2696	2561	3306
a	327	670	--undefined--	2541	1350	--undefined--	2541	2328	--undefined--
ɛ 	825	395	765	2278	1713	1833	2278	2448	2722
a	393	629	--undefined--	2414	1307	--undefined--	2414	2184	--undefined--
ɛ	900	451	333	2272	1973	1632	2272	2560	2676
a	454	538	324	2606	1311	2123	2606	2345	2573
ɛ	383	367	--undefined--	2666	1164	--undefined--	2666	2388	--undefined--
i	589	341	--undefined--	2691	2471	--undefined--	2691	2831	--undefined--
ɛ	908	301	493	2891	1638	1197	2891	2376	2147
a	416	493	242	2453	1197	1667	2453	2148	3015
ɛ	324	252	--undefined--	2088	1684	--undefined--	2088	2366	--undefined--
ɛ	781	306	520	2837	1613	1262	2837	2529	2249
a	436	520	358	2495	1262	2339	2495	2248	2915
ɛ	370	317	--undefined--	2854	1149	--undefined--	2854	2463	--undefined--
i	443	340	--undefined--	3076	2552	--undefined--	3076	2774	--undefined--
ɛ	645	423	400	2456	1858	1741	2456	2625	2867
a	414	566	350	2532	1570	1629	2532	2491	2657
i	417	360	--undefined--	2649	1720	--undefined--	2649	2720	--undefined--
ɛ 	1312	335	595	3408	1868	1428	3408	2506	2430
a	434	529	--undefined--	2460	1369	--undefined--	2460	2156	--undefined--
ɛ	930	289	570	2998	1695	1360	2998	2454	2220
a	380	434	--undefined--	2471	1362	--undefined--	2471	2243	--undefined--
ɛ 	695	438	514	2374	1804	1749	2374	2379	2523
a	428	536	460	2389	1414	1434	2389	1899	2077
ɛ	418	455	--undefined--	3282	1297	--undefined--	3282	2631	--undefined--
a	618	659	--undefined--	2681	1383	--undefined--	2681	2255	--undefined--
ɛ 	668	389	571	2534	1678	1578	2534	2490	2526
a	414	565	344	2430	1371	1401	2430	1924	1887
ɛ	361	499	--undefined--	2469	1402	--undefined--	2469	2672	--undefined--
a	730	414	--undefined--	2530	1343	--undefined--	2530	2221	--undefined--
ɛ	531	448	633	2601	1757	1546	2601	2100	2443
a	402	646	305	2230	1466	2161	2230	2865	2712
ei	339	243	--undefined--	2475	2308	--undefined--	2475	3073	--undefined--
ɛ	798	347	325	3195	1513	2177	3195	2273	2635
i	370	354	--undefined--	2451	2085	--undefined--	2451	2793	--undefined--
ɛ	827	471	554	2907	1742	1648	2907	2243	2590
a	470	629	723	2259	1444	1427	2259	1774	2468
a	325	852	--undefined--	2749	1375	--undefined--	2749	2192	--undefined--
ɛ	585	361	511	2670	1634	1437	2670	2162	2447
a	440	583	--undefined--	2449	1500	--undefined--	2449	2655	--undefined--
a	351	773	--undefined--	2178	1423	--undefined--	2178	2224	--undefined--
ɛ	873	447	294	2826	1819	1910	2826	2788	2424
i	428	327	--undefined--	2379	2270	--undefined--	2379	2819	--undefined--
i	1420	315	256	3092	2219	1705	3092	2359	2741
a	301	650	408	2336	1464	1196	2336	2292	2204
e	680	416	357	2619	1266	2272	2619	2184	2997
i	695	369	--undefined--	2440	2275	--undefined--	2440	2847	--undefined--
i	387	345	357	2987	2117	2051	2987	2612	2654
i	1968	435	--undefined--	3302	2133	--undefined--	3302	2892	--undefined--
i	387	345	357	2987	2117	2051	2987	2612	2654
i	1968	435	--undefined--	3302	2133	--undefined--	3302	2892	--undefined--
i	487	315	983	3077	2161	2351	3077	2872	3134
i	1986	246	340	3216	2540	1168	3216	2945	2332
u	254	256	--undefined--	2712	971	--undefined--	2712	2322	--undefined--
i	322	305	238	3014	2165	2119	3014	2687	2907
i	2111	293	233	3274	2125	1210	3274	2831	2323
u	1166	233	--undefined--	3145	1206	--undefined--	3145	2320	--undefined--
a	257	557	591	2624	1571	1572	2624	2316	2416
a	536	670	343	2358	1509	2216	2358	2191	2658
i ⁱ^̰ 	377	317	302	2336	2427	1118	2336	2558	2459
ⁱ^̰ i	526	336	569	2596	2462	2114	2596	2709	2680
i	323	259	--undefined--	2615	2456	--undefined--	2615	3089	--undefined--
a	247	543	619	2352	1438	1536	2352	2175	2256
a	500	592	398	2085	1535	2309	2085	2187	2485
i	1075	452	289	2203	2483	2510	2203	2741	2915
i	311	297	--undefined--	2403	2269	--undefined--	2403	2886	--undefined--
i	324	455	1943	2373	2074	2641	2373	2822	3386
i 	1944	337	--undefined--	3403	2336	--undefined--	3403	3037	--undefined--
i	329	554	1920	2308	1650	2700	2308	2467	3333
i 	1915	360	--undefined--	3220	1661	--undefined--	3220	2384	--undefined--
iː 	1432	285	291	3328	1534	2267	3328	2400	2732
iː	1405	348	271	3354	1068	1836	3354	2249	2379
iː	381	297	--undefined--	2662	2183	--undefined--	2662	2957	--undefined--
 ĩːː 	318	360	270	2765	2295	1664	2765	3000	2438
ĩː 	1939	360	--undefined--	3607	2190	--undefined--	3607	2262	--undefined--
ĩːː	521	376	290	2973	2255	2029	2973	2901	2867
 ĩːː 	1359	347	840	2988	1735	1636	2988	2546	3033
ĩː	1218	353	998	3168	1822	1555	3168	2734	2978
a	870	684	537	2267	1387	1472	2267	2632	2600
a	359	677	--undefined--	2431	1440	--undefined--	2431	2258	--undefined--
a	808	837	478	2490	1329	1449	2490	2182	2425
a	453	848	--undefined--	2467	1598	--undefined--	2467	2821	--undefined--
