Vowel	F1_pt2	F1_mid	F1_pt_8	F2_pt2	F2_mid	F2_pt8	F3_pt2	F3_mid	F3_pt8
 ˈaːː 	345.3	728.4	--undefined-- 2523.4 1296.5	--undefined-- 2562.1 2184.2	--undefined--'
 ˈaːː 	286.5	733.1	--undefined-- 2503.9 1252.8	--undefined-- 3161.7 2263.4	--undefined--'
 ˈɛ̃ːː	2015.2	515.1	460.6 2699.8 1826.7	1739.5 3091.5 2776.6	2868.2'
 ˈɛ̃ːː 	1687.3	412.2	512.2 2682.0 1765.2	1702.7 2723.2 2499.2	2644.2'
 ˈiːː 	378.4	305.3	294.1 925.2 2355.4	2078.7 2395.6 2923.8	2761.6'
 ˈaːː  	566.8	683.1	388.2 1778.3 1389.5	1266.8 2710.3 2290.6	2190.0'
 ˈaːː	640.3	621.3	260.1 1462.4 1264.2	1251.4 2425.1 2095.5	2272.2'
 ˈaːː	601.5	560.4	166.5 1412.1 1157.8	1293.3 2308.8 2152.9	2238.8'
 ˈaːː	566.6	832.1	546.6 1427.4 1348.7	1284.1 2359.3 2253.0	2132.8'
 ˈiːː	311.3	393.4	241.9 1568.4 2302.8	2316.6 2613.3 3296.2	3062.9'
 ˈiːː 	332.8	308.6	408.5 1844.2 1986.8	2187.1 2568.3 2326.1	2389.0'
 ˈiːː	315.7	323.1	387.4 1107.1 1602.3	1940.1 2359.2 2345.9	2308.0'
 iːː 	297.2	258.3	311.0 1619.5 1530.3	1586.7 2494.8 2392.1	2355.5'
 u	1302.3	287.4	786.9 2117.3 1039.7	1137.5 3600.4 2504.8	2539.8'
 u	306.0	309.8	374.0 1531.6 790.1	1630.7 2689.9 2606.5	2309.6'
 e	259.7	386.9	--undefined-- 1517.1 1527.2	--undefined-- 2559.1 2353.0	--undefined--'
 o	771.2	507.2	--undefined-- 1137.4 966.5	--undefined-- 2523.8 2335.8	--undefined--'
 u	1454.9	300.1	323.9 2141.4 1011.0	1996.0 3321.4 2488.8	3018.1'
 u	303.4	282.2	311.9 1045.3 935.4	1280.6 2503.0 2446.3	2417.2'
 u	295.1	316.3	--undefined-- 1542.5 1533.1	--undefined-- 2263.2 2348.1	--undefined--'
 u	509.8	284.3	320.4 1894.3 930.8	855.8 3421.1 2569.9	2659.4'
 u	590.7	340.6	245.1 1800.1 921.3	2143.0 2677.2 2577.4	2698.2'
 i	274.3	290.9	--undefined-- 1024.5 2043.5	--undefined-- 2530.9 2621.8	--undefined--'
 u	901.8	267.2	471.0 2122.3 901.6	872.1 2682.7 2436.8	2489.6'
 u	325.0	279.8	281.5 1065.4 813.2	868.5 2607.8 2561.9	2547.7'
 ˈu	320.1	286.7	--undefined-- 1788.7 870.4	--undefined-- 2957.2 2607.9	--undefined--'
 ˈĩːː 	302.8	387.3	270.3 1353.5 2357.2	2366.8 2441.6 2790.3	2988.1'
 ˈaːː 	311.4	705.1	1080.0 2105.5 1307.5	1923.7 2805.0 2199.6	3008.9'
 ˈaːː 	267.8	676.4	791.3 2019.9 1309.8	1386.4 2695.8 2201.6	2311.7'
 aː	301.4	744.4	359.5 751.0 1303.8	1833.1 2440.9 1734.4	2651.6'
 u	431.7	326.0	618.0 1736.0 967.6	1945.1 2643.8 2426.8	2562.0'
 u	668.8	352.2	--undefined-- 1320.0 841.8	--undefined-- 2292.9 2559.1	--undefined--'
 aː	291.4	606.6	354.1 1062.0 1273.5	888.0 2412.2 2210.0	2415.6'
 u	351.7	365.4	508.1 2126.4 917.0	1659.9 3242.4 2471.1	2616.3'
 u	585.1	360.8	--undefined-- 1198.1 745.7	--undefined-- 2235.2 2660.6	--undefined--'
 a ᵃ^̰	855.5	731.8	750.4 1424.6 1230.6	1332.8 2112.9 1951.2	1819.9'
 ᵃ^̰ ˈaː	806.6	589.1	--undefined-- 1281.5 1001.9	--undefined-- 2047.4 1712.6	--undefined--'
 a ᵃ^̰ 	899.8	763.3	595.6 1325.8 1257.5	1271.6 2527.0 1984.3	2373.3'
 ᵃ^̰ ˈaː 	709.2	733.3	--undefined-- 1251.3 1216.0	--undefined-- 1762.3 1621.2	--undefined--'
 ˈã̰ːː 	798.5	694.5	517.0 1243.9 1241.8	988.3 2761.6 2636.8	1944.2'
 ˈã̰ːː 	779.1	813.6	874.4 1290.7 1223.9	1425.8 2806.2 2270.3	2046.2'
 \s{^ʔ}ũ	433.7	414.5	360.3 2189.6 831.2	1321.1 2911.2 2276.6	3017.8'
 (\s{^ʔ})ũ	379.5	411.5	493.0 2210.9 1263.9	2172.8 3088.1 2213.2	3221.2'
 ˈiːː 	383.2	724.3	263.5 2350.5 2453.7	2335.0 3009.7 2963.7	2818.2'
 ˈ iːː	389.7	537.6	368.9 1840.4 2350.8	2330.5 2735.4 2934.4	2821.2'
 ˈiːː	424.9	327.2	351.0 2017.8 1491.3	1498.5 3221.4 2812.5	2687.0'
 ˈiːː	332.7	261.8	404.6 1814.9 1570.0	1587.6 2707.2 2445.6	2758.6'
 ˈiːː	413.6	268.3	215.3 1382.0 1506.7	1650.0 2539.7 2513.8	2670.9'
 ˈiːː	409.6	461.6	319.5 2436.6 2522.8	1686.5 2925.2 2641.4	2638.3'
 ˈiːː	410.3	423.4	258.6 2230.3 1541.9	1713.5 3023.5 2797.3	2970.9'
 ˈiːː 	474.6	337.2	1136.4 2430.5 1658.2	2376.8 3279.0 2638.5	3267.6'
 ˈiːː 	412.2	421.3	368.3 2401.9 2139.7	1571.2 2959.5 2655.6	2712.2'
 ĩːː	455.5	349.5	336.2 1345.6 1135.4	1247.8 2428.9 2038.0	2629.1'
 ĩːː	341.8	613.9	322.6 1143.8 1511.6	2273.8 2636.2 2924.8	2872.0'
 ˈ ĩːː	389.1	353.2	287.8 1703.2 1066.1	1472.4 2721.8 2476.9	2653.5'
 ĩːː	344.7	321.6	296.3 1755.8 1533.8	1624.1 2633.7 2782.7	2664.0'
 u	590.0	314.1	411.8 2228.5 1017.0	1061.4 2897.9 1915.4	2430.9'
 i	293.0	281.3	--undefined-- 891.4 2470.8	--undefined-- 2206.1 2939.2	--undefined--'
 u	490.7	347.7	376.8 1768.9 1178.9	731.1 2987.5 1969.2	2064.3'
 i	337.2	571.3	--undefined-- 1166.3 2284.6	--undefined-- 2166.4 3151.5	--undefined--'
 u	729.4	376.4	357.2 1841.0 1146.3	1126.1 2803.1 2230.8	1589.8'
 i	365.5	338.1	--undefined-- 1130.9 2254.1	--undefined-- 2035.0 2755.9	--undefined--'
 aː 	1896.7	743.9	--undefined-- 2533.5 1294.1	--undefined-- 3194.2 2140.7	--undefined--'
 ˈaː	1061.5	700.7	--undefined-- 2353.8 1310.5	--undefined-- 3435.8 2195.5	--undefined--'
 iːː 	384.0	395.2	281.7 1954.9 997.9	1701.7 2410.9 2344.2	2289.3'
 iːː 	608.5	440.4	219.0 2112.3 2621.7	2181.6 2862.8 3286.9	2326.4'
 a ᵃ^̰ 	369.2	729.5	458.9 1377.2 1426.2	1391.6 2908.5 2430.7	2430.7'
 ˈa	706.6	767.5	--undefined-- 1453.8 1390.9	--undefined-- 2433.5 2365.7	--undefined--'
 a ᵃ^̰ 	438.1	747.6	713.6 1510.3 1504.1	1416.0 3166.2 2401.6	2366.7'
 ˈa	743.8	784.3	--undefined-- 1484.9 1437.7	--undefined-- 2395.4 2407.5	--undefined--'
 i	586.4	396.5	1651.4 1757.6 2165.2	2619.4 2935.4 2721.7	3039.8'
 ˈi 	890.5	492.8	--undefined-- 1771.2 1903.1	--undefined-- 2662.9 3284.6	--undefined--'
 i	1785.0	321.0	515.8 2780.8 2192.9	2365.2 3685.4 3395.3	3081.0'
 i	336.2	379.2	--undefined-- 1453.2 2185.9	--undefined-- 2532.6 2841.2	--undefined--'
 i	1022.3	209.5	1530.3 1657.3 1535.5	1893.8 2662.6 2433.5	2940.8'
 i	352.3	315.5	--undefined-- 1585.1 1773.3	--undefined-- 2366.4 2643.7	--undefined--'
 a	296.0	681.3	346.1 1482.9 1460.5	2159.1 3107.9 2317.8	2572.3'
 ˈi	616.8	279.6	--undefined-- 1624.8 2222.9	--undefined-- 2415.8 2782.9	--undefined--'
 a	933.8	686.8	336.6 1885.4 1448.9	1463.4 3666.7 2242.0	2284.2'
 ˈi	567.1	335.8	--undefined-- 1707.1 2091.9	--undefined-- 2511.4 2746.9	--undefined--'
 a	315.1	639.3	498.0 1872.1 1564.9	1313.1 3256.6 2341.5	2293.0'
 ˈi	662.8	349.8	--undefined-- 1553.4 2167.2	--undefined-- 2273.5 2855.9	--undefined--'
 i	301.6	770.7	409.1 1787.6 1911.0	1435.8 2852.5 3084.7	2267.3'
 ˈu	184.4	539.4	--undefined-- 613.9 937.9	--undefined-- 2294.8 1945.8	--undefined--'
 u	1439.7	383.1	316.8 2279.5 1853.5	1543.1 3520.9 2811.9	2572.1'
 ˈuː	328.1	306.9	--undefined-- 1522.4 1247.7	--undefined-- 2640.3 2083.8	--undefined--'
 u	1499.4	341.3	280.4 2530.2 1485.3	1480.1 3537.5 2763.0	2234.7'
 uː	337.7	304.3	--undefined-- 1504.1 1098.0	--undefined-- 2798.4 2254.5	--undefined--'
 u	1724.2	456.9	455.5 2640.1 1400.5	1458.2 3600.2 1992.0	2229.2'
 uː	436.3	408.4	247.4 1517.6 1300.1	1714.1 3103.1 2071.0	2497.9'
 i ⁱ^̰	231.2	320.3	689.3 1733.0 2239.0	1130.0 2805.8 2801.0	2523.4'
 o	268.6	447.8	--undefined-- 2130.8 841.2	--undefined-- 2717.4 2520.4	--undefined--'
 i ⁱ^̰	238.4	261.4	375.7 1313.9 2094.0	1963.8 2213.5 2579.2	2300.3'
 o	410.8	454.3	--undefined-- 2183.4 847.0	--undefined-- 2444.6 2371.9	--undefined--'
 ĩːː	388.9	434.3	386.2 1237.6 2310.7	2231.2 2071.6 2595.9	2485.1'
 ĩːː	379.8	436.7	285.8 1604.3 2194.9	2109.9 2420.9 2528.3	2406.5'
 ũ 	412.2	364.8	430.3 1320.0 1121.2	1298.9 2255.9 2026.4	2656.9'
 ˈ ɔ̃	340.3	588.2	--undefined-- 1208.4 1650.2	--undefined-- 2262.5 2779.2	--undefined--'
 i ^ĩ^̰  	744.6	327.1	557.9 909.8 1390.8	1536.4 2523.9 2232.7	2604.2'
 ^ĩ^̰ ˈi	331.3	310.9	--undefined-- 1346.0 2408.3	--undefined-- 2252.5 2817.1	--undefined--'
 aː 	936.7	682.1	422.9 1445.6 1430.1	1322.4 2120.2 2537.8	2302.1'
 a	726.2	727.0	--undefined-- 1491.7 1375.6	--undefined-- 2539.1 2651.2	--undefined--'
 aː 	846.0	697.8	515.9 1322.8 1318.9	1375.5 2416.3 2482.6	2300.6'
 a	573.4	595.4	--undefined-- 1499.6 1490.5	--undefined-- 2637.9 2270.3	--undefined--'
 ˈĩːː 	770.3	350.4	364.9 2301.9 2281.0	1892.3 3216.7 3108.0	2482.8'
 ˈ ĩːː	448.8	513.0	372.4 1250.4 2378.1	1874.3 2359.9 3288.9	2496.8'
 ˈ ĩːː	339.7	380.0	355.2 1676.7 1638.9	2158.5 2403.7 2643.6	2567.7'
 ˈ ĩːː	351.3	283.7	313.8 2188.3 1695.0	1529.3 2359.1 2400.5	2361.4'
 ɛ 	435.9	450.2	320.4 1750.2 1948.3	2253.3 3098.9 2630.5	2718.0'
 ˈ ĩːː	478.1	276.6	--undefined-- 1937.3 1586.0	--undefined-- 2449.6 2603.1	--undefined--'
 ˈ ĩːː	294.5	304.7	296.2 1820.6 1518.2	1884.1 2564.9 2763.8	2216.5'
 ˈ ĩːː	296.1	266.6	226.6 1365.6 1692.2	1671.9 2530.0 2776.6	2585.2'
 ũ	971.0	393.4	456.8 1771.0 2429.4	900.9 2498.3 2869.9	2473.6'
 i	1491.6	321.9	427.2 2509.8 2066.3	1708.5 2723.7 2347.2	2580.4'
  ˈu	2059.5	435.6	--undefined-- 2529.8 895.3	--undefined-- 3290.4 2369.2	--undefined--'
 ũ 	1754.7	364.2	292.2 2456.4 1088.2	2096.2 2888.9 2502.3	3148.9'
 i	2005.7	298.4	691.6 2649.4 2118.1	2015.3 3229.2 2410.0	3247.4'
 o	374.0	392.2	--undefined-- 1418.2 881.5	--undefined-- 2309.6 2385.0	--undefined--'
 ˈãː 	682.3	1142.3	398.4 1880.0 1461.5	1460.0 2949.7 2650.0	2396.6'
 ˈãː 	282.3	407.2	778.1 1240.9 1142.2	1583.3 2250.8 2032.7	2758.9'
 ɛ ^ɛ^̰  	286.1	466.4	516.9 1585.3 1746.4	1842.8 2633.7 2806.3	2829.0'
 ^ɛ^̰ ɛ	913.6	512.7	--undefined-- 2186.2 1821.5	--undefined-- 2935.9 2736.3	--undefined--'
 ĩːː	522.6	300.4	523.4 1985.3 1228.4	2285.3 2472.3 2705.4	2928.9'
 ˈ ĩːː 	352.2	395.5	200.1 1061.2 1473.9	2373.8 2477.4 2756.8	2856.8'
 ˈ ĩːː 	580.0	349.5	259.5 1573.7 1200.0	2252.9 2580.0 2681.4	2904.3'
 ˈ ĩːː 	370.0	345.9	1642.6 1602.5 1674.7	2887.4 2162.3 2776.0	3886.9'
 ˈ ĩːː 	350.8	346.0	348.5 1675.8 1515.9	1744.4 2514.7 2621.0	3041.7'
 a ᵃ^̰ 	588.6	566.7	585.6 2207.9 924.8	1082.4 3393.2 2271.1	2191.1'
 ᵃ^̰ ˈa 	539.0	614.2	--undefined-- 877.0 1276.7	--undefined-- 2294.8 2166.9	--undefined--'
 ˈ ĩːː	472.0	380.0	516.1 1881.7 2466.1	2391.5 2655.4 3287.8	3089.8'
 ˈ ĩːː 	339.3	416.7	284.4 1343.9 1264.8	1543.2 2611.0 2853.3	2682.5'
 ˈ ĩːː	345.4	413.5	362.8 1573.7 1762.2	1491.1 2314.2 2937.5	2507.6'
 i	274.6	336.1	610.3 2203.7 2377.3	1629.7 2480.6 2856.1	2396.6'
 a	283.4	567.5	323.5 2117.1 1542.0	2066.8 2659.0 2303.4	2634.3'
 iː	592.6	346.8	--undefined-- 1626.9 2205.8	--undefined-- 2404.4 2848.6	--undefined--'
 ˈaːː 	237.1	708.3	478.1 2284.0 1351.2	1597.0 3087.9 2164.0	2297.2'
 ˈ aːː 	321.4	711.2	713.6 2011.6 1424.7	1379.4 2742.1 2350.0	2277.4'
 i	972.8	293.5	308.2 2178.3 1941.1	1569.0 2276.4 2212.1	2204.5'
 ˈi	332.7	275.5	--undefined-- 1955.2 2209.9	--undefined-- 2232.4 3282.9	--undefined--'
 ṵ̃ː	1407.2	374.7	686.7 2247.2 2146.9	2279.9 2841.2 2829.1	3181.9'
 ˈoː	519.5	557.4	--undefined-- 1773.5 895.1	--undefined-- 2599.6 2805.2	--undefined--'
 i ⁱ^̰ 	640.5	298.3	281.8 683.8 2232.1	2217.0 3061.4 2987.6	2519.6'
 ⁱ^̰i	340.9	300.2	495.0 1490.0 2181.7	876.8 2348.4 2474.0	3029.8'
 ˈo	354.4	600.7	--undefined-- 2322.2 931.8	--undefined-- 2806.5 3077.6	--undefined--'
 i ⁱ^̰ 	795.5	328.2	253.6 799.4 2013.3	1453.9 2381.0 2343.7	2454.4'
 ⁱ^̰ ˈiː	321.5	341.0	--undefined-- 1956.3 2266.8	--undefined-- 2342.7 3075.2	--undefined--'
 i ⁱ^̰ 	759.2	278.0	259.5 1471.4 2199.6	1602.8 2267.9 2411.5	2559.2'
 ⁱ^̰ ˈiː	333.3	302.8	--undefined-- 522.1 2250.0	--undefined-- 2346.0 2883.3	--undefined--'
 a	359.6	606.2	353.2 1796.1 1404.1	962.3 2692.8 2487.0	2616.1'
 u	204.4	373.2	342.1 2068.3 866.3	912.3 2808.9 2707.6	2653.6'
 u	338.7	354.9	456.7 1301.4 871.8	1176.5 2577.8 2595.8	2588.4'
 o	358.8	545.0	--undefined-- 898.1 837.4	--undefined-- 2696.6 2960.7	--undefined--'
 i	424.3	283.7	311.8 1902.3 2221.7	1436.7 2339.7 2308.6	2424.2'
 i	280.2	238.9	503.6 2216.9 2083.9	946.9 2333.0 2424.6	2506.6'
 ˈo	287.6	725.2	--undefined-- 1616.8 1498.9	--undefined-- 2905.7 2852.6	--undefined--'
 #	335.4	1000.6	--undefined-- 1218.6 2998.6	--undefined-- 2374.6 4937.1	--undefined--'
 ˈɛː 	242.2	344.2	557.9 1469.9 1915.8	1803.3 2285.7 2818.4	2610.5'
 ɛ̃ː 	240.7	279.5	298.3 1565.4 1825.9	1043.9 2449.8 2657.6	2328.2'
 ũ	291.8	302.7	--undefined-- 1805.2 1346.5	--undefined-- 2686.9 2307.5	--undefined--'
 aː	327.2	739.9	1127.8 854.2 1459.3	2192.5 2548.8 2436.5	3075.0'
 o	601.1	323.7	--undefined-- 1340.8 872.3	--undefined-- 2482.4 2680.4	--undefined--'
 aː	316.7	722.4	1876.8 628.7 1388.2	2475.3 2365.7 2436.9	3414.1'
 o	522.5	349.0	--undefined-- 1372.7 892.7	--undefined-- 2612.7 2391.9	--undefined--'
 aː	361.5	772.5	300.0 1276.4 1308.8	1950.1 2472.2 2384.2	2432.1'
 o	615.3	407.0	--undefined-- 1403.6 924.0	--undefined-- 1700.4 2572.5	--undefined--'
 ũ 	600.1	529.2	384.0 1957.1 896.0	1366.8 3153.1 2231.6	2881.4'
 i	569.0	307.5	429.2 2147.5 1923.4	2206.6 3178.2 2515.5	3273.2'
 i	361.8	273.4	693.3 837.9 2179.0	1856.7 2392.0 2821.3	3039.5'
 ũː 	402.2	360.1	--undefined-- 1005.5 555.3	--undefined-- 2311.4 2320.6	--undefined--'
 ũ	999.8	537.2	402.7 2998.4 1112.9	1861.1 4937.2 2198.6	3009.2'
 i	537.5	317.4	321.6 902.5 1722.1	1012.1 2204.7 2348.2	2480.3'
 i	467.4	274.0	1053.5 2050.2 2013.6	1521.1 3185.8 2714.7	2890.0'
 ũː	423.4	326.2	--undefined-- 2237.1 1114.3	--undefined-- 3204.7 2295.1	--undefined--'
 ĩːː	334.5	366.5	652.8 1128.5 1331.0	1672.6 2452.6 2577.2	2848.6'
 ĩːː	336.6	343.5	--undefined-- 1228.9 1499.8	--undefined-- 2395.7 2437.8	--undefined--'
 ˈiːː	933.4	271.1	1337.4 1630.1 1535.4	1992.4 3104.6 2656.8	3308.6'
 ˈ ĩːː 	282.8	313.8	--undefined-- 1422.2 1614.9	--undefined-- 2317.0 2624.0	--undefined--'
 i	489.8	266.5	236.0 1657.4 2274.0	2212.8 2909.3 2990.4	2979.8'
 i	486.3	319.1	292.6 1747.1 2234.5	2188.2 3102.3 3051.2	2915.8'
 i ⁱ^̰ 	266.3	310.2	456.6 2227.2 1847.2	1561.6 2985.9 2277.9	2923.9'
 ⁱ^̰ iː	333.5	243.0	394.1 1916.1 2202.0	1714.9 2949.7 2901.2	2428.3'
 ĩːː	423.1	403.7	469.4 1738.0 1806.6	1510.1 2687.5 2566.9	2625.6'
 iː	284.4	300.7	--undefined-- 2159.0 2219.6	--undefined-- 2506.6 2881.8	--undefined--'
 a	294.7	564.4	--undefined-- 2200.3 1516.2	--undefined-- 2950.5 2215.4	--undefined--'
 ˈaː 	1449.2	699.2	651.0 2217.6 1284.5	1398.8 3208.8 2139.7	2278.7'
 ˈaː	508.6	497.4	--undefined-- 1525.9 1184.8	--undefined-- 2589.0 2161.9	--undefined--'
 ˈaː 	857.7	717.3	570.5 1966.0 1313.9	1663.6 3262.3 2201.7	1942.4'
 ˈaː	722.5	834.0	--undefined-- 1314.5 1360.4	--undefined-- 2203.2 2235.9	--undefined--'
 a	267.8	651.0	1827.6 1717.7 1391.6	2581.2 2624.9 2320.7	3572.6'
 i	620.5	300.5	786.4 1653.1 2182.2	1348.9 2646.4 2720.7	2158.6'
 aː	477.7	778.3	--undefined-- 1307.6 1366.8	--undefined-- 2333.6 2103.0	--undefined--'
 a	367.9	548.3	307.8 1705.6 1380.6	1901.9 3047.9 2421.1	2548.8'
 i	988.0	292.5	663.0 1986.9 2110.1	1370.3 2694.8 2695.5	2184.6'
 aː	623.5	666.1	--undefined-- 1386.3 1345.5	--undefined-- 2520.1 2177.2	--undefined--'
 i	283.0	312.8	700.5 2068.9 1901.7	1402.1 2792.5 2408.4	2352.3'
 a	302.9	661.7	1917.7 2101.2 1471.2	2472.1 2966.7 2255.0	3429.8'
 i	301.7	306.6	429.5 1945.7 2147.5	1284.1 2398.6 2578.3	2000.4'
 aː 	597.4	709.1	--undefined-- 1539.5 1331.0	--undefined-- 2409.6 2144.3	--undefined--'
 i	325.5	312.4	1311.9 1952.9 2106.0	2304.5 2528.2 2505.3	3322.9'
 a	1410.2	559.3	1753.5 2475.5 1412.8	2588.1 3461.5 2530.4	3652.8'
 i	312.2	309.8	762.9 1944.1 2067.0	1397.2 2417.2 2558.9	2067.7'
 aː 	457.3	763.7	--undefined-- 1469.3 1315.4	--undefined-- 2542.1 2109.4	--undefined--'
 a	327.9	718.4	1895.8 1416.2 1436.6	2420.9 2519.2 2240.5	3610.8'
 i	518.1	286.4	689.7 1494.1 2189.5	1180.2 2516.1 2885.9	2085.7'
 aː 	619.8	716.9	--undefined-- 1440.4 1256.0	--undefined-- 2337.0 2149.5	--undefined--'
 a	899.8	476.3	821.7 1730.2 1547.2	1638.5 2908.4 2684.0	3078.9'
 ia	527.1	490.3	407.6 1549.1 1545.0	1605.9 2593.4 2421.0	2488.5'
 ĩː	783.0	369.7	--undefined-- 1608.6 1597.0	--undefined-- 2895.2 2352.9	--undefined--'
 a	1011.9	526.1	693.8 1619.0 1558.3	1709.5 2626.4 2581.2	2680.6'
 ia	536.6	477.9	412.9 1584.3 1798.5	1556.3 2499.8 2481.5	2616.3'
 ĩː 	600.7	262.3	--undefined-- 1610.7 1806.2	--undefined-- 2660.6 2609.4	--undefined--'
 u	796.4	334.7	969.6 829.1 970.1	1817.2 2343.5 2703.6	2831.0'
 a	362.2	516.4	348.9 1119.0 1555.2	2186.2 2794.5 2519.3	2947.8'
 ĩ	992.6	366.2	446.8 1775.5 2377.7	1961.0 2566.9 3137.2	2794.6'
 ã	876.9	546.5	--undefined-- 2428.7 1555.8	--undefined-- 3306.4 2251.8	--undefined--'
 i	605.3	264.5	--undefined-- 1360.4 1989.0	--undefined-- 2283.9 2802.2	--undefined--'
 _#	516.0	426.4	--undefined-- 1562.7 1806.1	--undefined-- 2538.9 2851.7	--undefined--'
 ũ	465.9	399.9	394.8 1697.7 1233.9	779.4 2690.2 2916.6	2831.6'
 a	374.3	587.7	876.6 921.1 982.9	1557.3 3000.1 2377.9	2421.3'
 a	373.0	800.5	383.5 1066.4 1310.1	805.2 2951.1 2073.1	2587.4'
 ũ	376.1	423.2	--undefined-- 2174.2 1219.2	--undefined-- 2851.2 2509.5	--undefined--'
 ũ	474.1	393.5	387.0 1710.8 1198.5	793.7 2702.0 2934.8	2836.9'
 a	373.4	588.4	868.0 880.1 994.6	1579.4 3014.4 2364.5	2442.8'
 ˈa	376.7	796.6	188.5 1065.5 1321.4	537.9 2942.0 2095.7	2359.2'
 ũ	363.6	421.2	381.5 2057.6 1259.4	967.6 2841.3 2490.8	2319.4'
 ũː	832.9	391.0	--undefined-- 1315.7 730.1	--undefined-- 2244.6 2292.8	--undefined--'
 a	1498.6	535.0	--undefined-- 2355.2 1494.2	--undefined-- 3131.5 1812.3	--undefined--'
 ũ	1234.7	414.0	701.2 2155.9 1129.5	1473.0 2656.1 2808.7	2246.6'
 a	341.6	754.3	660.7 653.0 1481.6	1599.6 2448.4 2321.9	2633.0'
 a	344.6	611.3	548.6 1144.1 1595.6	1514.6 2607.6 2655.5	2620.1'
 a	737.2	632.4	560.3 1473.5 1562.3	956.4 2253.9 2037.0	1707.6'
 o	273.6	388.3	661.4 1384.3 999.6	1416.8 2528.7 2879.7	2416.2'
 a	647.1	538.0	--undefined-- 1597.3 1470.5	--undefined-- 2640.3 2391.4	--undefined--'
 a	497.8	525.7	--undefined-- 1751.9 1474.6	--undefined-- 2734.7 2446.2	--undefined--'
 u	408.4	386.2	--undefined-- 2189.9 939.8	--undefined-- 2667.9 2504.4	--undefined--'
 a	171.4	699.8	--undefined-- 890.0 1420.7	--undefined-- 2538.9 2444.5	--undefined--'
 a	392.2	611.7	--undefined-- 1693.9 1412.1	--undefined-- 2343.1 2598.9	--undefined--'
 _#	627.2	999.9	--undefined-- 1544.6 2998.7	--undefined-- 1938.6 4937.2	--undefined--'
 a	227.6	543.8	292.7 1512.9 1468.7	2187.4 2837.1 2592.3	2677.6'
 i	315.4	312.0	1774.4 1965.1 2347.4	2589.6 2900.8 2563.7	3470.1'
 i	497.0	277.2	166.5 1484.1 2119.5	1384.2 2588.1 2845.2	2715.4'
 aː 	1785.8	630.8	540.2 2571.9 1326.9	1031.6 3655.3 2082.3	2197.6'
 i	298.6	278.8	--undefined-- 1715.0 2148.3	--undefined-- 2594.3 2659.0	--undefined--'
 ãĩ	830.0	330.6	--undefined-- 1962.1 2110.4	--undefined-- 2708.2 2307.8	--undefined--'
 ĩːː 	354.5	363.9	436.6 1440.9 2339.1	1618.6 2563.0 2716.6	2599.5'
 ĩːː 	260.6	297.5	341.6 2201.4 1887.7	1805.3 2586.5 2888.8	2534.2'
 a	1126.4	521.3	--undefined-- 2694.4 1633.1	--undefined-- 2893.4 2492.0	--undefined--'
 i	1000.6	377.5	--undefined-- 2991.1 2077.2	--undefined-- 4937.1 2559.5	--undefined--'
 iːː 	307.6	487.7	--undefined-- 2205.5 1690.4	--undefined-- 2851.1 2733.1	--undefined--'
 ĩːː	1008.6	425.4	466.7 2653.0 1568.3	1659.9 4230.9 2789.5	2745.9'
 ĩːː	445.1	298.3	321.4 1779.6 1443.7	1873.1 3004.2 2446.9	2434.5'
 a	267.6	529.2	1287.8 1724.6 1589.0	1690.6 2989.7 2515.0	3018.5'
 i	471.9	343.5	--undefined-- 1653.8 1898.0	--undefined-- 2764.4 2483.5	--undefined--'
 iːː	306.8	342.8	--undefined-- 1474.3 1641.7	--undefined-- 2512.2 2596.8	--undefined--'
 ĩːː	349.5	362.0	456.1 1571.0 2376.3	1620.8 2607.0 2668.8	2648.7'
 ĩːː	312.8	286.3	399.8 1469.3 1501.3	1815.5 2605.9 2565.2	2678.6'
 a	354.6	520.3	--undefined-- 1617.5 1638.1	--undefined-- 2588.1 2475.1	--undefined--'
 i	1000.1	325.9	--undefined-- 2999.0 1527.7	--undefined-- 4937.2 2651.7	--undefined--'
 iːː 	304.6	495.7	--undefined-- 1801.0 1645.2	--undefined-- 2805.6 2702.3	--undefined--'
 o	894.7	462.4	644.9 2110.8 1292.9	1583.4 3425.8 2332.9	2904.8'
 o	328.1	630.2	310.3 1806.3 1133.0	1724.3 2416.6 2176.1	2824.7'
 oː 	495.1	476.0	496.9 1162.3 1611.3	1134.9 2291.9 2474.2	2229.9'
 o	717.5	519.6	--undefined-- 1287.9 1084.5	--undefined-- 2195.4 2161.7	--undefined--'
 o	274.6	811.3	--undefined-- 1732.6 1982.3	--undefined-- 2800.4 3240.2	--undefined--'
 a ᵃ ^̰	455.3	445.7	612.6 1652.5 1439.6	1507.1 2882.5 2149.0	1839.9'
 ᵃ^̰ a	353.9	642.0	444.8 1930.3 1512.0	1751.2 2682.4 2047.6	2430.6'
 ɛː	622.4	454.5	486.7 1584.2 1845.1	1449.3 2172.8 2498.2	2272.4'
 aː 	691.4	675.3	552.1 1520.4 1382.0	1485.3 2334.1 2222.0	2422.8'
 a	290.7	812.4	491.9 1535.7 1407.9	1498.6 2595.5 1983.8	2341.7'
 a	441.3	576.2	--undefined-- 1725.9 1488.9	--undefined-- 2358.5 2449.7	--undefined--'
 a	378.2	631.0	--undefined-- 1915.3 1511.7	--undefined-- 2346.9 2213.4	--undefined--'
 ũːː 	670.5	439.4	--undefined-- 1404.7 1230.2	--undefined-- 2261.0 2161.6	--undefined--'
 ãː 	555.7	535.0	1490.4 1761.7 1468.4	2613.7 3078.3 2151.8	2982.3'
 ɛː 	435.6	445.6	435.9 1713.5 1820.4	1560.5 2487.3 2494.0	2279.9'
 aː 	566.2	703.5	496.2 1419.4 1376.7	2098.4 1990.4 2051.4	2535.9'
 a	298.3	650.4	409.0 1597.6 1489.5	1660.6 2380.3 2119.1	2954.6'
 a	451.1	510.6	482.6 1834.8 1379.1	1705.6 2567.8 2566.7	2922.0'
 ia	436.3	485.0	--undefined-- 1915.2 1680.7	--undefined-- 2328.6 2415.1	--undefined--'
 ũː	725.0	401.4	--undefined-- 1651.8 1840.6	--undefined-- 2317.1 1972.9	--undefined--'
 o	717.6	485.1	--undefined-- 1404.2 907.9	--undefined-- 2057.1 2404.8	--undefined--'
 ˈaː 	459.5	673.9	600.7 1497.5 1242.4	1659.8 2153.8 2104.3	2727.3'
 a ᵃ^̰ 	481.7	574.6	668.8 1299.0 1048.4	1234.3 2141.0 2119.9	2103.9'
 ᵃ^̰ ˈa	672.5	650.1	651.7 1348.3 1174.9	1831.9 2123.6 2123.0	3112.5'
 i	667.4	287.1	801.8 1362.3 1760.4	1722.1 2068.4 2211.0	2859.3'
 ˈãː	638.4	501.1	--undefined-- 1201.4 1241.2	--undefined-- 2015.2 2062.8	--undefined--'
 i	646.6	339.5	--undefined-- 1865.5 2083.8	--undefined-- 2936.0 2400.6	--undefined--'
 ˈa	702.9	359.4	--undefined-- 1952.6 1393.6	--undefined-- 3090.4 2192.1	--undefined--'
 iːː	330.9	294.5	282.4 2125.0 2261.3	1197.0 2672.0 2803.0	2134.2'
 i	339.6	329.7	296.6 2052.5 2334.1	2281.8 2753.5 2879.8	2855.6'
 a	283.9	553.6	247.1 2188.6 1608.6	1562.3 2876.8 2570.6	2434.5'
 iːː	288.8	297.0	--undefined-- 2303.3 2195.1	--undefined-- 2966.7 2879.2	--undefined--'
 i	189.2	293.6	--undefined-- 1909.3 2210.2	--undefined-- 2673.1 2875.3	--undefined--'
 i	346.9	272.6	--undefined-- 1613.3 2076.0	--undefined-- 2522.8 2611.7	--undefined--'
 o	1475.5	488.5	476.3 3011.5 1151.0	720.9 3664.4 2445.1	2758.5'
 o	528.2	461.5	--undefined-- 1890.7 713.0	--undefined-- 2794.8 2755.3	--undefined--'
 o	1675.8	487.9	462.2 3192.1 1221.7	815.5 3649.7 2423.4	2746.1'
 o	475.5	457.2	--undefined-- 1620.1 846.0	--undefined-- 2617.2 2776.3	--undefined--'
 a	580.7	587.3	246.7 1645.4 1624.6	2355.8 3155.3 2631.8	2811.9'
 i	672.8	247.0	--undefined-- 1998.2 2277.2	--undefined-- 3168.8 3250.5	--undefined--'
 a	1153.0	482.8	269.9 1887.6 1225.4	1991.9 3304.0 2250.9	2702.4'
 ˈi	699.7	226.5	--undefined-- 830.6 2234.7	--undefined-- 2817.2 2791.6	--undefined--'
 a	1082.1	568.2	308.7 2586.5 1578.6	2273.3 3859.0 2543.5	3147.0'
 i	591.7	339.8	--undefined-- 905.9 2260.0	--undefined-- 2632.1 3104.2	--undefined--'
 a	524.6	559.3	304.6 1566.1 1550.6	2125.1 3552.5 2659.8	2874.7'
 ˈi	854.6	295.4	--undefined-- 2083.0 2160.8	--undefined-- 3709.6 2915.9	--undefined--'
 a	236.4	667.5	648.3 1873.5 1489.6	1445.6 2641.5 2593.2	2128.1'
 a ᵃ^̰	252.2	545.4	743.8 1637.8 1434.3	1447.4 2611.7 2106.3	2142.4'
 ᵃ^̰ ˈɐ 	653.3	787.9	--undefined-- 1484.5 1341.5	--undefined-- 2584.1 2906.5	--undefined--'
 a	306.1	618.8	452.7 2373.8 1523.6	1403.0 2637.5 2564.9	2593.1'
 a ᵃ^̰	273.1	548.6	593.5 2352.3 1305.7	1213.3 2552.0 2132.1	2119.1'
 ᵃ^̰ ˈɐ	626.8	661.8	--undefined-- 1560.1 1307.4	--undefined-- 2456.3 2107.2	--undefined--'
 i ⁱ^̰	511.7	297.5	597.8 1826.9 2343.4	1542.4 2812.7 2521.7	2284.1'
 ⁱ^̰ i	351.4	264.8	--undefined-- 2277.2 2346.7	--undefined-- 2663.5 2711.4	--undefined--'
 i ⁱ^̰	651.6	320.6	522.6 1785.2 2190.6	1496.6 3211.3 2466.6	2295.0'
 ⁱ^̰ i	323.2	296.7	--undefined-- 2197.7 1213.3	--undefined-- 2437.2 2506.2	--undefined--'
 u	422.5	353.7	1872.2 1409.3 1308.4	2507.2 2519.6 2487.0	3149.0'
 i	355.9	283.0	439.7 1172.4 2191.2	2557.5 2528.5 2896.7	2714.4'
 i	1770.8	430.7	--undefined-- 2480.9 2559.4	--undefined-- 3049.1 2708.6	--undefined--'
 u	673.4	347.9	1799.9 1081.9 1115.7	2375.8 2751.9 2479.0	3155.6'
 i	348.3	286.4	372.8 1272.1 2123.6	2077.6 2409.3 2887.1	2738.4'
 ˈi	1969.6	448.1	--undefined-- 2516.3 2598.9	--undefined-- 3222.1 2937.6	--undefined--'
 u	1019.5	338.7	1691.5 2095.6 1306.2	2274.3 3234.3 2175.7	2672.3'
 ã	367.5	537.0	348.6 1392.7 1595.0	1443.9 2292.2 2241.9	2529.7'
 ˈĩ	1674.0	372.9	--undefined-- 2187.7 1723.7	--undefined-- 2695.4 2802.3	--undefined--'
 a	572.2	646.5	731.6 836.0 982.1	1154.0 3289.6 2276.7	2185.5'
 a	599.8	607.6	--undefined-- 924.2 1055.1	--undefined-- 2302.7 2006.3	--undefined--'
 a ᵃ^̰ 	588.9	670.3	638.2 1199.2 1053.5	1150.9 2361.8 2364.3	2179.2'
 ˈ a	490.0	704.8	--undefined-- 710.6 1187.0	--undefined-- 2669.0 2246.3	--undefined--'
 a	326.9	583.2	368.8 574.6 1011.1	699.5 2833.0 2209.5	2463.2'
 ˈo 	512.7	449.9	--undefined-- 2279.3 658.2	--undefined-- 3391.2 2422.6	--undefined--'
 õ ᵒ^̰	727.0	444.7	463.4 1080.7 1456.0	1455.0 2603.3 2639.5	2897.8'
 ᵒ^̰ õ	458.3	459.3	--undefined-- 1209.5 1458.7	--undefined-- 2485.6 2849.6	--undefined--'
 õᵒ^̰	778.4	377.3	449.5 1108.4 660.9	1564.9 2248.8 2643.9	2975.8'
 ᵒ^̰õ 	357.9	456.5	--undefined-- 655.2 1448.0	--undefined-- 2657.8 1722.2	--undefined--'
 ã ᵃ^̰ 	343.4	713.2	635.3 1413.7 1049.3	1180.2 2489.9 2042.4	1883.5'
 ᵃ^̰ ˈã	534.2	403.7	356.4 831.4 991.9	968.4 2241.8 2384.9	2284.6'
 ɛ 	588.7	421.6	--undefined-- 1091.0 1367.3	--undefined-- 1798.7 1871.7	--undefined--'
 ˈ ĩ	755.6	302.7	--undefined-- 1207.2 1660.2	--undefined-- 2035.2 2198.8	--undefined--'
 ã ᵃ^̰ 	550.9	724.7	648.1 881.4 1158.6	1187.9 2590.4 1797.4	2172.7'
 ᵃ^̰ ã	694.8	447.4	263.5 843.1 950.5	1485.1 2273.0 2199.0	1598.2'
 ẽ	748.8	480.4	163.7 1107.6 1264.3	1786.1 1998.9 2041.3	2783.8'
 ˈ ĩ 	756.5	271.5	--undefined-- 1272.6 1321.7	--undefined-- 2060.7 2544.2	--undefined--'
 ã ᵃ^̰ 	484.3	722.2	750.7 1339.6 995.4	1208.4 2539.9 2148.6	1939.2'
 ᵃ^̰ ˈã	683.0	808.2	420.4 1603.7 1198.2	1179.2 2430.6 2016.0	1950.4'
 ˈɛː 	761.4	358.3	--undefined-- 1208.2 1693.9	--undefined-- 1995.8 2198.4	--undefined--'
 ã 	632.6	722.5	676.6 1444.9 1098.3	1229.9 2678.0 2310.7	2191.6'
 ã	579.8	552.7	393.8 1082.0 1119.4	1838.3 2671.5 2477.6	2136.8'
 e	656.9	293.4	--undefined-- 1190.3 1835.8	--undefined-- 2312.3 2359.9	--undefined--'
 ã ᵃ^̰	656.8	789.5	797.5 777.1 903.6	1167.6 2425.6 2285.4	2161.8'
 ᵃ^̰ ã 	704.8	754.2	284.7 725.6 1411.7	1514.4 2433.9 2221.3	2400.6'
 ˈ i	769.2	256.9	--undefined-- 1154.7 1196.4	--undefined-- 2063.0 2471.1	--undefined--'
 ã	691.1	821.0	727.2 711.4 921.4	1282.2 2298.3 2422.3	1908.2'
 ã	539.9	738.3	299.9 717.6 1398.6	1380.6 2422.1 2179.1	2447.4'
 i	770.6	210.1	--undefined-- 1148.2 1890.5	--undefined-- 2036.5 2926.1	--undefined--'
 ã ᵃ^̰	591.1	727.5	861.3 1082.9 1019.3	1230.6 2378.8 2145.2	2083.4'
 ᵃ^̰ ã 	814.7	946.1	--undefined-- 844.3 1241.8	--undefined-- 2418.3 2263.9	--undefined--'
 ũ	685.2	318.2	364.0 2031.2 1419.9	1270.8 3362.1 2657.8	2494.3'
 ũ	339.2	319.8	300.7 1415.3 793.9	1437.8 2596.5 2562.6	2606.0'
 ˈ iː 	300.6	268.6	--undefined-- 906.5 1451.7	--undefined-- 2505.1 2740.3	--undefined--'
 ũ	606.3	474.2	456.9 1846.2 1403.3	796.4 2843.8 2946.5	2542.6'
 ũ	461.0	484.3	404.8 1423.5 1098.3	803.8 3355.2 2898.6	2390.3'
 õ	435.4	443.1	819.1 1369.4 1487.2	1447.0 2789.4 3123.9	2735.2'
 ɛ 	353.6	500.6	--undefined-- 1298.7 1274.0	--undefined-- 2560.9 2446.2	--undefined--'
 a	621.2	889.6	--undefined-- 824.8 1520.9	--undefined-- 2670.6 2669.4	--undefined--'
 i	267.4	362.0	293.9 1873.9 2271.8	1661.0 2974.0 2834.9	2828.7'
 a	448.8	684.1	336.2 2224.2 1403.3	1985.6 2542.0 2351.4	2838.4'
 e	298.6	436.7	--undefined-- 2154.5 1498.1	--undefined-- 2324.0 2342.3	--undefined--'
 i	227.0	414.0	--undefined-- 1769.6 2185.9	--undefined-- 2741.7 2768.5	--undefined--'
 ũ 	749.4	399.4	331.8 2130.7 1392.5	550.7 2738.0 2918.5	2405.9'
 ũ 	383.1	473.7	267.8 1345.1 793.4	1393.8 3011.1 2928.7	2750.6'
 ĩː	318.5	281.1	--undefined-- 1768.0 1157.4	--undefined-- 2888.0 2574.1	--undefined--'
 ũ	754.3	313.9	392.0 2068.9 1403.5	1490.1 2945.7 2870.5	2624.5'
 ũ	385.0	517.6	385.6 1496.1 976.3	926.6 3044.7 2710.4	2857.8'
 ũ	424.8	339.2	--undefined-- 1328.6 756.0	--undefined-- 2744.9 2746.8	--undefined--'
 a	339.3	790.6	--undefined-- 1903.8 1347.1	--undefined-- 2838.6 2492.3	--undefined--'
 a	580.6	717.2	263.7 1620.8 1406.3	1452.3 2364.1 2005.3	1736.1'
 ˈi 	677.5	304.8	--undefined-- 1412.6 2101.6	--undefined-- 2375.0 2801.7	--undefined--'
 ũ 	334.6	262.0	340.3 1788.8 545.1	742.3 2686.9 2511.8	2477.5'
 a	272.3	540.9	290.4 557.1 1292.5	1831.2 2514.9 2363.1	2515.5'
 ˈi 	359.7	342.5	--undefined-- 884.2 2255.8	--undefined-- 2453.8 2971.4	--undefined--'
 a ᵃ^̰ 	678.1	645.3	423.4 1586.2 1418.1	1397.9 2601.0 2371.4	2497.4'
 i	725.4	307.2	--undefined-- 1594.6 1215.8	--undefined-- 2540.2 2733.1	--undefined--'
 aᵃ^̰ 	704.7	791.7	387.1 1578.7 1583.2	1396.1 2512.7 2657.5	2637.4'
 ˈi	730.8	259.0	--undefined-- 1542.1 1454.8	--undefined-- 2356.0 2680.0	--undefined--'
 a ᵃ^̰ 	645.2	649.8	524.7 1716.5 1204.7	1251.4 2359.8 2032.2	2285.2'
 ˈi	657.8	310.9	--undefined-- 1254.7 2323.9	--undefined-- 2081.0 2949.4	--undefined--'
 a ᵃ^̰	615.8	576.9	318.9 1719.8 1197.0	1714.7 2315.2 2076.5	2296.9'
 i	596.0	288.1	--undefined-- 1173.9 2182.8	--undefined-- 2068.1 2907.1	--undefined--'
 ɛ	784.0	457.5	433.8 1847.3 1878.5	1308.8 2764.6 2483.5	2179.9'
 a	794.7	509.5	--undefined-- 2173.6 1353.5	--undefined-- 3049.5 2199.7	--undefined--'
 ɛ	760.9	430.2	537.3 2014.8 1863.7	1520.7 2983.5 2458.5	2508.4'
 a	579.6	471.9	--undefined-- 1566.6 1218.9	--undefined-- 2518.5 2159.7	--undefined--'
 ɛ	666.2	437.2	475.2 1754.7 1927.6	897.4 2760.2 2464.6	2487.8'
 a	927.4	657.5	--undefined-- 2213.9 1538.5	--undefined-- 3081.2 2310.1	--undefined--'
 ɛ	630.9	290.3	--undefined-- 1629.5 1880.3	--undefined-- 2649.6 2490.5	--undefined--'
 ɛ 	657.2	443.3	688.1 1893.9 1768.5	1442.4 2860.2 2561.2	2264.7'
 a	633.4	670.4	--undefined-- 1767.0 1350.4	--undefined-- 2460.8 2327.6	--undefined--'
 ɛ 	816.6	394.7	606.9 2170.0 1713.0	1398.4 3270.8 2448.3	2345.2'
 a	820.4	629.0	--undefined-- 2154.4 1306.5	--undefined-- 2649.2 2183.9	--undefined--'
 ɛ	914.1	451.2	581.8 2151.8 1973.3	1445.0 3326.1 2560.4	2407.8'
 a	970.6	538.4	436.0 1977.2 1310.6	1542.3 3634.3 2344.8	2793.3'
 ɛ	466.2	367.2	--undefined-- 1718.6 1163.5	--undefined-- 2462.4 2388.2	--undefined--'
 i	451.9	340.7	--undefined-- 1971.3 2471.4	--undefined-- 2561.6 2831.0	--undefined--'
 ɛ	863.8	301.2	395.4 1912.7 1638.3	1027.9 3106.6 2375.6	2430.1'
 a	835.8	492.8	--undefined-- 2220.1 1196.8	--undefined-- 3229.2 2147.7	--undefined--'
 ɛ	829.0	252.0	--undefined-- 2107.6 1683.8	--undefined-- 2686.5 2365.6	--undefined--'
 ɛ	1027.9	305.9	370.3 2193.9 1613.4	1035.3 3420.2 2528.6	2431.3'
 a	952.4	520.5	--undefined-- 2193.1 1262.4	--undefined-- 2943.4 2247.9	--undefined--'
 ɛ	852.8	316.9	--undefined-- 1787.2 1148.8	--undefined-- 2520.3 2463.3	--undefined--'
 i	415.2	340.5	--undefined-- 2142.6 2552.1	--undefined-- 2290.7 2774.3	--undefined--'
 ɛ	1173.7	423.1	573.2 2214.3 1858.1	1525.5 3358.8 2625.4	2453.9'
 a	467.5	566.1	752.2 1385.5 1570.5	2027.4 2455.2 2491.1	3033.3'
 i	432.6	360.0	--undefined-- 1894.2 1719.7	--undefined-- 2538.8 2719.8	--undefined--'
 ɛ 	753.7	335.1	553.5 2041.2 1868.5	1372.3 3169.7 2505.6	2061.9'
 a	871.3	529.4	--undefined-- 1761.2 1368.8	--undefined-- 2944.4 2155.8	--undefined--'
 ɛ	851.0	289.1	1345.1 2199.3 1695.5	2253.3 2700.1 2454.1	3270.1'
 a	1046.1	434.4	--undefined-- 1876.9 1362.1	--undefined-- 3006.8 2242.7	--undefined--'
 ɛ 	1330.6	438.0	547.7 2050.3 1804.3	1436.0 3337.0 2378.9	1970.0'
 a	749.0	536.3	661.3 1984.8 1413.6	1439.7 2843.3 1899.1	2464.8'
 ɛ	794.8	454.8	--undefined-- 1969.0 1296.7	--undefined-- 2523.6 2631.4	--undefined--'
 a	419.6	658.9	--undefined-- 1725.9 1383.0	--undefined-- 2345.3 2254.5	--undefined--'
 ɛ 	1231.4	388.9	564.5 2218.8 1677.9	1369.1 3310.3 2489.8	1928.5'
 a	816.4	564.8	617.6 1942.4 1370.6	1444.8 2700.7 1923.8	2513.2'
 ɛ	833.0	498.9	--undefined-- 2304.2 1401.9	--undefined-- 2951.4 2672.4	--undefined--'
 a	413.5	414.3	--undefined-- 1779.9 1342.9	--undefined-- 2446.9 2220.6	--undefined--'
 ɛ	679.3	448.4	376.9 1680.3 1756.7	852.7 2730.6 2100.3	2659.5'
 a	627.9	646.3	677.7 1562.6 1466.2	1793.8 2703.9 2865.3	2769.8'
 ei	620.9	242.9	--undefined-- 1868.5 2308.0	--undefined-- 2546.1 3073.0	--undefined--'
 ɛ	721.3	347.3	350.6 1965.6 1512.7	1935.3 3222.3 2272.5	2643.5'
 i	691.6	354.4	--undefined-- 1658.5 2085.4	--undefined-- 2528.5 2792.7	--undefined--'
 ɛ	1128.5	470.8	593.9 2451.6 1741.6	1448.8 3484.4 2242.9	2472.1'
 a	579.6	628.7	--undefined-- 1475.2 1443.8	--undefined-- 2475.3 1773.6	--undefined--'
 a	591.8	851.6	--undefined-- 1992.7 1374.9	--undefined-- 2499.3 2191.6	--undefined--'
 ɛ	1081.8	361.4	603.8 2265.1 1633.8	1386.1 3314.4 2161.7	2483.4'
 a	612.9	582.8	--undefined-- 1546.9 1500.3	--undefined-- 2673.2 2654.8	--undefined--'
 a	706.3	772.6	--undefined-- 1782.3 1423.0	--undefined-- 2508.6 2223.7	--undefined--'
 ɛ	612.7	447.0	350.6 1685.3 1819.4	1826.2 2509.5 2788.1	2616.3'
 i	1028.8	327.0	--undefined-- 2078.4 2269.7	--undefined-- 3173.1 2818.9	--undefined--'
 i	1491.7	315.2	821.5 2707.8 2219.2	1887.6 3627.3 2359.0	2674.4'
 a	462.9	649.9	391.1 1602.9 1464.4	1838.8 2237.6 2291.8	2676.3'
 e	309.3	416.2	1002.1 1937.7 1265.9	2989.2 2484.0 2184.3	4936.1'
 i	274.7	368.9	--undefined-- 1794.3 2274.7	--undefined-- 2756.7 2846.8	--undefined--'
 i	651.7	345.1	1951.6 2273.8 2117.2	2548.7 3038.7 2611.5	3365.5'
 i	329.4	435.4	--undefined-- 2129.8 2132.9	--undefined-- 2720.4 2891.7	--undefined--'
 i	651.7	345.1	1951.6 2273.8 2117.2	2548.7 3038.7 2611.5	3365.5'
 i	329.4	435.4	--undefined-- 2129.8 2132.9	--undefined-- 2720.4 2891.7	--undefined--'
 i	771.7	314.8	1988.4 2386.8 2160.7	2593.6 3020.4 2872.1	3239.8'
 i	354.2	245.7	507.8 2209.2 2539.6	1419.3 2885.6 2945.5	2446.8'
 u	1958.1	255.9	--undefined-- 2692.4 971.1	--undefined-- 3162.7 2322.1	--undefined--'
 i	1505.7	305.2	1995.7 2567.9 2165.5	2454.4 3273.4 2687.5	3269.4'
 i	292.6	293.2	407.4 2193.3 2124.8	1314.3 2732.6 2831.1	2414.1'
 u	1851.8	232.7	--undefined-- 2525.0 1206.2	--undefined-- 3535.7 2319.5	--undefined--'
 a	256.8	556.8	1371.4 1442.1 1571.4	1858.6 2498.1 2315.8	2194.1'
 a	549.2	669.6	300.1 1530.8 1508.5	2026.6 2521.0 2190.5	2602.5'
 i ⁱ^̰ 	545.1	316.7	296.9 1539.5 2427.1	2523.4 2325.4 2558.1	2804.2'
 ⁱ^̰ i	582.0	335.9	--undefined-- 1519.0 2461.5	--undefined-- 2410.0 2709.4	--undefined--'
 i	653.2	259.2	--undefined-- 1484.5 2456.1	--undefined-- 2148.5 3088.5	--undefined--'
 a	255.3	542.9	619.7 1562.6 1437.6	1617.2 2626.8 2175.1	2278.9'
 a	530.3	591.7	369.9 1579.5 1535.0	1222.2 2422.7 2186.5	2343.0'
 i	522.4	452.0	--undefined-- 1453.1 2483.3	--undefined-- 2158.3 2741.3	--undefined--'
 i	1457.2	297.4	--undefined-- 2189.5 2268.6	--undefined-- 3266.1 2886.4	--undefined--'
 i	256.7	454.6	1596.3 1447.4 2073.8	2633.9 2173.9 2821.6	2967.5'
 ˈi 	277.1	336.9	--undefined-- 807.7 2336.2	--undefined-- 2587.2 3037.3	--undefined--'
 i	318.6	554.3	1784.5 2261.2 1650.3	2693.4 2665.6 2467.2	3451.5'
 ˈi 	633.1	360.4	--undefined-- 1878.9 1661.4	--undefined-- 2512.8 2384.0	--undefined--'
 ˈiː 	249.5	285.0	--undefined-- 2233.0 1534.4	--undefined-- 3466.6 2399.7	--undefined--'
 iː	267.3	348.1	--undefined-- 1725.8 1068.3	--undefined-- 2950.1 2248.7	--undefined--'
 ˈiː	351.7	296.7	--undefined-- 1721.3 2182.9	--undefined-- 3082.2 2956.5	--undefined--'
 ˈ ĩːː 	230.4	359.5	--undefined-- 1857.4 2295.4	--undefined-- 2852.1 3000.1	--undefined--'
 ĩː 	330.8	360.0	--undefined-- 1810.7 2190.1	--undefined-- 2614.7 2262.3	--undefined--'
 ˈĩːː	211.8	376.1	--undefined-- 2015.4 2255.1	--undefined-- 3035.4 2900.7	--undefined--'
 ˈ ĩːː 	1442.3	347.4	--undefined-- 2480.4 1734.9	--undefined-- 3462.6 2546.2	--undefined--'
 ĩː	1556.6	352.7	--undefined-- 2551.4 1822.3	--undefined-- 3436.3 2734.2	--undefined--'
 a	1208.3	684.1	648.9 1555.0 1387.3	1776.3 2051.7 2631.6	2690.6'
 a	616.7	677.3	--undefined-- 1472.9 1439.6	--undefined-- 2559.0 2257.8	--undefined--'
 a	501.7	836.6	385.4 1674.1 1328.6	1341.2 2982.6 2181.8	2195.5'
 a	772.4	847.8	--undefined-- 1687.6 1597.9	--undefined-- 2768.4 2821.1	--undefined--'
